20
100
5132 6577 11548 32124 17765 30648 25353 30957 21415 17012 15504 28774 19794 28785 12252 13301 27277 8268 19432 5689 29895 29126 32065 11802 20894 29975 4110 24759 13568 9349 4941 18336 16016 7220 351 18246 1611 1088 20935 27056 23659 24841 22575 20847 16523 15822 5291 22739 21517 25982 22850 12639 19385 7626 26795 6011 9382 6271 29268 28265 8286 3859 4009 22650 19517 15485 9874 8066 6170 10570 21821 393 16426 32238 19231 13763 3616 20312 13109 15811 13721 6601 5008 22251 20408 24037 17936 8231 14861 5131 28272 18395 23740 27106 4482 22041 7131 32308 12732 26392 
100
2 48 72
1 65 98
2 76 90
1 93 97
2 38 89
1 90 97
2 40 69
1 22 69
2 46 63
1 67 83
2 92 98
1 90 92
2 19 28
1 88 99
2 27 46
1 39 54
2 31 75
1 64 64
2 72 97
1 76 80
2 3 38
1 97 97
2 22 57
1 66 72
2 97 100
1 37 37
2 5 49
1 16 53
2 64 75
1 58 59
2 2 10
1 32 90
2 100 100
1 59 90
2 11 25
1 87 98
2 47 77
1 69 76
2 21 56
1 77 96
2 49 67
1 48 95
2 100 100
1 75 91
2 73 75
1 7 47
2 66 81
1 48 69
2 82 93
1 39 60
2 65 86
1 69 83
2 27 73
1 28 44
2 28 67
1 56 98
2 44 72
1 75 98
2 82 99
1 20 22
2 94 95
1 94 96
2 28 94
1 15 20
2 95 97
1 35 64
2 5 76
1 15 86
2 51 87
1 37 76
2 73 100
1 62 78
2 4 31
1 38 59
2 59 71
1 63 94
2 63 78
1 56 97
2 98 100
1 26 47
2 9 77
1 59 94
2 73 83
1 23 97
2 15 56
1 73 78
2 82 99
1 84 93
2 46 59
1 37 59
2 39 58
1 10 27
2 36 77
1 39 58
2 24 49
1 64 81
2 81 86
1 64 98
2 79 82
1 80 98

100
26334 14363 28154 17484 15224 449 7404 27911 5333 7738 25616 32559 28637 32736 28966 8983 32488 19898 21736 21791 291 27983 13713 24106 10550 24252 2716 12370 22307 7941 17870 31706 10609 1193 3446 4195 10635 19065 27636 24163 5987 15529 6264 11476 6234 15400 15628 22313 19812 3117 24021 10118 5223 7699 17813 8496 30949 20326 7029 20291 6107 20030 1538 27555 31465 6091 32629 29236 11954 17714 16183 29774 6278 6807 23716 16491 20287 3195 3856 12835 31592 12105 12039 15963 677 17707 23769 4025 590 24098 28758 18267 23902 15958 5591 13768 24972 32427 15486 8230 
100
2 60 68
1 83 85
2 100 100
1 50 67
2 15 38
1 37 82
2 61 82
1 21 41
2 48 94
1 46 86
2 47 94
1 37 39
2 80 80
1 98 98
2 28 70
1 54 85
2 62 72
1 29 82
2 63 74
1 87 94
2 45 90
1 19 33
2 41 43
1 37 80
2 63 69
1 68 74
2 4 73
1 11 99
2 5 11
1 18 78
2 10 78
1 7 46
2 76 98
1 78 95
2 100 100
1 64 87
2 37 49
1 11 85
2 5 69
1 2 88
2 90 96
1 26 65
2 35 36
1 38 44
2 36 60
1 11 49
2 89 93
1 3 52
2 55 63
1 83 83
2 95 96
1 26 69
2 61 83
1 20 85
2 80 89
1 14 94
2 3 35
1 68 77
2 71 72
1 85 86
2 78 88
1 61 82
2 15 80
1 41 86
2 87 93
1 91 97
2 52 97
1 64 69
2 15 50
1 78 83
2 47 72
1 45 58
2 72 84
1 4 50
2 58 64
1 100 100
2 30 46
1 85 99
2 33 96
1 2 93
2 31 82
1 10 32
2 30 72
1 14 78
2 4 40
1 45 62
2 6 97
1 77 77
2 74 81
1 8 25
2 30 44
1 7 53
2 70 89
1 22 46
2 99 99
1 8 61
2 81 86
1 8 99
2 38 40
1 56 93

100
20571 10025 21245 24700 24576 6300 31675 21559 2856 4949 26946 31693 10275 21616 25610 15976 32703 18069 7407 30461 30828 4229 20860 6018 31902 29170 1385 3163 8307 25236 30050 29717 19094 10105 9995 32598 25699 21149 14912 3348 21836 24762 24481 22278 19835 26977 6222 16984 9144 5450 8943 10403 19086 20201 14840 11548 8361 24897 1835 29196 8323 30973 28766 17024 13120 15293 8574 1089 10966 27054 30676 1542 10096 15709 12935 32233 27669 32205 3170 19480 26244 30407 8920 21965 28259 19313 20037 3200 32665 22306 20343 30043 29689 4213 30317 17646 32 8860 9822 25380 
100
2 25 96
1 95 100
2 63 80
1 61 75
2 57 76
1 60 97
2 20 51
1 27 70
2 53 59
1 22 58
2 19 39
1 92 100
2 93 96
1 98 99
2 88 94
1 9 47
2 71 100
1 43 62
2 25 92
1 38 76
2 30 33
1 37 73
2 94 98
1 79 85
2 94 98
1 9 47
2 33 37
1 59 92
2 78 89
1 46 74
2 6 19
1 96 99
2 93 97
1 41 76
2 80 90
1 5 35
2 46 48
1 94 97
2 58 60
1 52 68
2 59 82
1 21 38
2 87 98
1 81 89
2 9 16
1 10 70
2 83 86
1 9 45
2 63 92
1 22 50
2 24 44
1 68 70
2 6 90
1 40 81
2 74 89
1 18 70
2 16 41
1 32 68
2 98 98
1 27 36
2 34 66
1 51 99
2 15 54
1 67 82
2 4 82
1 93 97
2 60 77
1 23 91
2 73 85
1 22 86
2 40 87
1 13 23
2 80 94
1 21 70
2 54 71
1 56 98
2 89 91
1 8 56
2 1 87
1 50 56
2 62 93
1 42 82
2 26 97
1 61 99
2 90 99
1 36 89
2 24 74
1 98 99
2 25 43
1 49 92
2 43 86
1 61 89
2 29 82
1 98 98
2 10 35
1 34 50
2 35 69
1 2 53
2 64 93
1 70 86

100
10523 4932 29785 28954 24263 24098 27227 15490 24708 26699 27654 27734 29392 2898 14187 9709 18163 3954 8114 11366 7650 21211 26391 25241 4707 31562 31283 10572 20082 26076 28797 28075 12259 18724 30224 31730 8266 15739 687 27245 9240 8087 518 12450 25862 352 20786 16077 15287 7422 13700 10636 31896 32311 12418 15836 3084 22008 21807 4420 32198 11313 653 25168 17269 25574 10079 23873 11943 17796 29491 6403 18919 881 6304 24671 19753 27878 1229 7026 12649 17153 12338 27998 10126 25622 27811 23103 30356 16711 21642 2401 1258 21076 16244 30640 4377 31668 24527 11887 
100
2 76 85
1 46 73
2 64 76
1 18 51
2 2 71
1 19 25
2 17 79
1 26 69
2 92 94
1 21 95
2 34 59
1 32 41
2 89 89
1 35 72
2 64 67
1 84 97
2 79 100
1 86 95
2 75 86
1 9 18
2 11 33
1 52 67
2 79 93
1 37 71
2 7 21
1 68 84
2 46 85
1 99 100
2 75 82
1 85 98
2 23 78
1 80 94
2 73 92
1 43 95
2 10 73
1 39 70
2 57 61
1 21 28
2 42 73
1 56 70
2 97 99
1 61 94
2 10 65
1 45 58
2 10 66
1 85 96
2 41 95
1 56 61
2 49 75
1 8 76
2 81 89
1 14 32
2 52 68
1 8 30
2 67 87
1 48 80
2 50 66
1 38 89
2 30 81
1 17 39
2 26 78
1 18 74
2 88 94
1 1 31
2 33 61
1 68 98
2 84 93
1 88 93
2 75 90
1 99 100
2 2 77
1 20 58
2 98 98
1 37 45
2 62 82
1 3 19
2 55 79
1 29 33
2 21 32
1 42 76
2 19 51
1 72 81
2 67 98
1 57 85
2 11 90
1 69 87
2 47 58
1 28 100
2 68 99
1 50 66
2 49 95
1 39 60
2 32 71
1 60 60
2 51 60
1 91 99
2 76 92
1 94 100
2 33 39
1 59 99

100
1447 18945 1986 14786 32489 1836 27567 30959 18629 15029 10234 8344 6251 25373 9973 87 4962 4833 26609 13766 20007 1174 4868 312 7703 13624 31241 21159 17038 30912 10983 8942 10577 15604 30487 27960 21033 28291 5216 23737 5585 13393 15077 668 21522 29968 25698 10300 19757 23312 4275 4502 10873 19032 13206 17407 31309 31989 12209 9490 8992 14738 727 1517 4591 22601 1927 28317 10208 2489 28597 15830 11044 5209 23757 28903 16161 31755 14582 10222 10193 18421 13716 14920 23653 23180 4880 28492 11567 4081 5595 12089 190 5761 19632 16492 27723 13736 3098 25815 
100
2 93 98
1 8 46
2 83 99
1 16 41
2 25 85
1 40 41
2 55 70
1 17 42
2 36 49
1 48 96
2 24 70
1 55 57
2 49 66
1 53 58
2 36 88
1 18 75
2 18 33
1 57 70
2 80 97
1 23 30
2 88 100
1 32 78
2 56 64
1 24 58
2 96 97
1 6 30
2 59 65
1 36 43
2 34 84
1 19 72
2 1 78
1 60 86
2 6 30
1 71 79
2 51 83
1 75 98
2 10 39
1 95 96
2 87 97
1 15 68
2 98 98
1 2 90
2 57 60
1 18 27
2 68 78
1 76 87
2 91 93
1 1 27
2 60 96
1 14 82
2 17 31
1 64 68
2 76 89
1 44 46
2 6 91
1 25 90
2 21 59
1 21 31
2 42 91
1 73 94
2 25 64
1 43 71
2 81 98
1 6 89
2 39 43
1 65 91
2 34 98
1 79 95
2 50 54
1 7 50
2 74 99
1 18 29
2 2 59
1 69 88
2 33 33
1 69 93
2 66 91
1 88 99
2 53 76
1 6 20
2 56 70
1 80 92
2 62 69
1 67 93
2 56 92
1 56 72
2 55 74
1 91 99
2 97 99
1 21 88
2 95 98
1 71 81
2 6 89
1 55 86
2 85 91
1 25 76
2 75 76
1 95 95
2 61 94
1 73 93

100
19333 11005 32206 31323 2979 20784 10694 9217 27213 30112 369 15186 423 28395 20933 9979 29946 3402 15332 3624 28433 12136 18079 13304 24547 6516 10553 10029 15730 17012 13166 6697 19442 3037 30388 30486 12590 5985 5313 1124 22312 12041 22349 11640 25087 29571 29977 17314 15638 17597 10288 19280 883 6323 31085 10626 18277 13445 25917 17790 32106 31692 15782 29381 3663 18990 28041 14149 21657 2864 292 16848 2340 1100 6106 9421 25354 1348 9015 10542 28358 29365 5935 19874 24730 24303 28582 17931 26158 9476 12086 3890 15225 14879 15148 27321 1764 10519 14547 22354 
100
2 58 82
1 71 72
2 35 47
1 69 95
2 65 68
1 91 92
2 31 81
1 96 98
2 66 90
1 8 43
2 65 71
1 75 94
2 32 60
1 19 19
2 66 76
1 73 81
2 71 87
1 80 87
2 15 15
1 35 42
2 29 48
1 39 94
2 71 82
1 39 80
2 55 81
1 60 89
2 29 84
1 8 86
2 1 9
1 79 86
2 39 79
1 88 100
2 81 90
1 16 91
2 53 90
1 21 76
2 92 92
1 25 53
2 11 20
1 77 97
2 100 100
1 31 78
2 34 41
1 89 93
2 80 81
1 9 36
2 44 45
1 14 82
2 72 76
1 36 80
2 45 47
1 19 74
2 70 84
1 8 88
2 2 26
1 100 100
2 70 72
1 41 43
2 50 64
1 67 91
2 55 78
1 11 71
2 92 95
1 14 85
2 67 98
1 59 76
2 3 29
1 34 40
2 83 87
1 76 90
2 17 51
1 46 72
2 40 77
1 39 86
2 68 100
1 32 70
2 80 93
1 59 88
2 84 98
1 96 100
2 59 88
1 30 79
2 26 79
1 80 81
2 51 81
1 46 87
2 84 88
1 63 94
2 20 80
1 4 85
2 63 73
1 27 48
2 76 81
1 12 56
2 4 36
1 80 80
2 76 85
1 24 50
2 35 75
1 52 93

100
900 24825 18091 20752 7778 21533 28740 24696 3023 30754 404 28082 29931 3512 17496 14354 1538 4360 230 28715 20659 9032 4462 3577 6481 12941 14976 22368 5001 21473 27854 10965 21061 918 21556 25180 28369 16346 22517 25266 11068 12683 28744 10955 5122 22348 29971 30591 25831 26328 18934 20352 13606 22678 2955 2959 11979 20846 8684 12015 21854 24284 23670 9242 8129 14658 31437 12724 26971 131 18208 15293 32375 9933 9647 9482 18406 32182 15754 25846 23020 6539 7835 9557 27226 32484 2278 31913 29175 20092 14608 6297 32036 25408 24094 27806 28608 5798 7296 14592 
100
2 59 79
1 75 92
2 30 100
1 6 60
2 6 25
1 98 99
2 8 78
1 78 85
2 14 100
1 33 90
2 8 85
1 68 92
2 82 87
1 100 100
2 67 89
1 25 73
2 21 80
1 19 67
2 94 97
1 4 53
2 94 94
1 30 79
2 66 72
1 66 80
2 89 100
1 25 62
2 21 55
1 42 92
2 40 87
1 37 40
2 47 90
1 7 23
2 3 54
1 93 97
2 30 84
1 53 65
2 68 91
1 90 98
2 39 51
1 63 89
2 88 92
1 79 86
2 31 85
1 12 12
2 84 96
1 34 60
2 59 96
1 53 65
2 68 79
1 21 72
2 4 43
1 61 97
2 8 33
1 62 86
2 71 78
1 98 98
2 2 19
1 28 43
2 54 62
1 45 95
2 6 94
1 99 99
2 17 74
1 41 62
2 70 79
1 12 49
2 50 53
1 97 98
2 50 69
1 43 54
2 45 93
1 89 96
2 9 46
1 51 66
2 77 100
1 41 71
2 17 52
1 17 77
2 38 92
1 3 22
2 75 78
1 49 65
2 73 94
1 56 98
2 81 96
1 8 49
2 79 85
1 90 91
2 39 77
1 36 45
2 89 92
1 97 97
2 47 48
1 51 75
2 42 51
1 37 50
2 76 83
1 61 75
2 16 42
1 98 99

100
13642 32567 27140 8847 22026 3188 32276 5194 21340 2105 28119 24847 18717 508 8631 19251 15781 16073 609 12607 2983 2965 20936 4838 9048 2512 5485 25146 26324 10809 30175 29983 9661 18934 14205 11007 31781 9700 12419 6847 6318 6188 24645 23794 11759 21527 2997 17997 4890 5155 811 9819 22492 28246 30054 24178 20357 17106 29646 25830 22377 30890 3067 2172 23686 31988 6779 2082 25703 14367 15056 21213 7496 28039 30905 1026 14714 14663 9907 28585 6665 8270 32190 21343 3229 26294 27236 32539 8350 8273 11000 2676 22427 12164 8988 27152 13549 9816 2181 31072 
100
2 24 61
1 16 60
2 50 99
1 68 77
2 19 26
1 100 100
2 51 82
1 19 32
2 29 66
1 61 77
2 31 45
1 94 98
2 95 100
1 72 78
2 38 83
1 45 46
2 44 84
1 51 81
2 7 27
1 13 78
2 75 79
1 77 92
2 73 91
1 86 99
2 22 58
1 67 84
2 55 99
1 8 58
2 71 94
1 51 57
2 93 97
1 44 45
2 66 93
1 84 88
2 52 70
1 100 100
2 28 55
1 100 100
2 18 70
1 90 98
2 19 78
1 49 54
2 31 71
1 46 63
2 16 57
1 53 69
2 73 93
1 99 99
2 99 100
1 94 98
2 85 95
1 66 82
2 90 97
1 95 100
2 88 97
1 75 94
2 26 46
1 5 27
2 55 64
1 77 81
2 25 53
1 99 100
2 91 99
1 78 99
2 19 33
1 54 89
2 98 99
1 90 92
2 41 49
1 81 92
2 40 94
1 27 31
2 89 96
1 90 95
2 43 80
1 27 52
2 67 89
1 39 92
2 47 84
1 90 93
2 5 90
1 3 77
2 63 97
1 100 100
2 1 51
1 6 53
2 82 83
1 16 86
2 90 94
1 53 97
2 94 95
1 92 94
2 10 55
1 51 62
2 93 95
1 26 38
2 43 94
1 69 83
2 75 82
1 32 99

100
22556 24341 24110 17542 18308 14761 23116 6621 8877 28137 26271 2793 22965 17799 6113 17423 26561 3622 2042 12069 10399 10348 30917 6951 12714 3417 5143 3116 12782 15831 27902 18328 7565 20626 9798 28818 10338 4617 25154 18617 21475 27366 24521 26898 5196 138 26750 1861 20730 17389 29780 6922 17428 25253 9810 30686 32113 20036 1684 12026 3254 19943 7571 19845 5823 19980 21670 19209 23105 25252 16328 15396 26541 12138 13467 7552 4183 10866 21165 19204 20695 27909 24826 30540 15023 1708 9395 14167 8495 1675 5438 30336 3478 12016 4478 26288 15994 1836 31316 16593 
100
2 31 81
1 19 55
2 34 62
1 76 94
2 74 79
1 72 72
2 6 28
1 73 74
2 17 63
1 41 53
2 93 98
1 51 58
2 63 83
1 41 96
2 79 99
1 59 75
2 90 91
1 81 84
2 85 93
1 1 7
2 33 89
1 23 43
2 49 63
1 69 80
2 60 84
1 91 99
2 68 75
1 55 60
2 98 98
1 53 97
2 11 30
1 49 49
2 10 63
1 52 75
2 95 98
1 95 99
2 83 92
1 89 89
2 77 92
1 97 97
2 89 90
1 5 43
2 91 98
1 21 88
2 65 92
1 19 49
2 100 100
1 61 100
2 41 54
1 11 73
2 68 79
1 75 78
2 97 100
1 46 96
2 50 74
1 65 68
2 63 77
1 83 83
2 32 82
1 9 43
2 100 100
1 91 94
2 91 98
1 37 45
2 13 46
1 82 95
2 7 100
1 80 93
2 35 37
1 53 84
2 27 64
1 75 85
2 27 63
1 42 82
2 100 100
1 41 89
2 55 63
1 34 69
2 26 73
1 8 30
2 51 72
1 70 71
2 26 28
1 46 100
2 77 86
1 10 45
2 10 56
1 25 59
2 9 38
1 73 82
2 7 46
1 3 22
2 70 84
1 19 50
2 57 74
1 39 89
2 27 33
1 54 68
2 35 90
1 42 68

100
9454 23016 19096 26203 13196 27834 6241 9095 23728 21142 14643 26400 18431 30110 2938 32622 3568 17024 26366 19367 7469 2119 19816 14950 3900 2680 1026 3162 12382 31066 31422 12091 16055 17557 9338 17667 9392 31742 9346 11098 12954 12978 30038 5970 7060 6242 27822 6484 14766 15597 16572 7515 23886 12852 29361 15199 11219 42 17026 27669 20857 7978 4076 30165 2684 27790 19638 9691 18305 19837 25654 10675 28977 29700 15382 7407 3879 31336 12888 7963 22028 18619 15512 1523 24832 30894 3217 32723 6716 11174 24035 14958 5878 1810 20756 25027 27269 19195 30676 2893 
100
2 11 15
1 42 98
2 7 68
1 15 40
2 14 50
1 68 92
2 7 27
1 7 85
2 4 58
1 30 36
2 81 90
1 13 76
2 8 91
1 69 82
2 87 96
1 77 93
2 58 93
1 80 81
2 38 50
1 84 84
2 55 82
1 85 94
2 73 94
1 52 77
2 64 79
1 65 92
2 46 73
1 31 84
2 71 83
1 56 90
2 36 47
1 80 99
2 61 70
1 70 80
2 23 63
1 48 70
2 34 34
1 59 95
2 86 90
1 59 98
2 17 74
1 20 87
2 8 76
1 73 98
2 1 99
1 47 54
2 100 100
1 66 88
2 73 94
1 39 53
2 62 83
1 17 67
2 17 77
1 38 92
2 24 70
1 49 95
2 98 100
1 53 88
2 81 87
1 67 84
2 98 100
1 8 63
2 21 35
1 61 75
2 86 94
1 11 36
2 10 66
1 7 85
2 6 49
1 62 69
2 17 35
1 52 62
2 16 27
1 86 93
2 27 98
1 18 26
2 34 63
1 26 39
2 21 31
1 3 72
2 23 34
1 3 24
2 77 88
1 76 77
2 42 86
1 72 91
2 86 91
1 14 84
2 83 100
1 35 61
2 99 100
1 44 75
2 16 72
1 53 80
2 77 88
1 75 100
2 50 78
1 94 96
2 25 100
1 34 35

100
21932 15132 8562 29740 19898 25358 14222 19785 8278 16544 20705 21618 21936 29525 9907 22119 24020 26651 31501 12950 27087 24025 23305 9286 24596 6215 22091 11286 28702 13570 20432 11686 2390 22240 19431 5524 14646 7040 24444 7082 13487 3878 9372 30037 4296 4806 22582 3161 28297 26719 1311 3524 7703 22923 24665 25888 32032 11347 14997 30701 5241 23111 10998 13647 14598 15823 22296 19971 13275 10684 31825 10391 13728 7970 7735 26075 6458 5482 32354 2451 14760 2211 16755 7022 24362 16921 25940 21564 1961 3881 27842 11099 3667 23123 25609 22642 30342 23185 8975 7522 
100
2 48 72
1 21 31
2 28 69
1 21 48
2 86 97
1 19 38
2 98 99
1 60 61
2 54 86
1 59 91
2 96 100
1 83 84
2 87 95
1 50 60
2 41 80
1 81 99
2 80 93
1 99 99
2 75 98
1 50 66
2 64 88
1 51 75
2 67 74
1 18 51
2 21 33
1 27 92
2 42 74
1 75 79
2 24 31
1 81 88
2 54 95
1 50 94
2 8 54
1 39 56
2 35 89
1 42 77
2 27 29
1 4 89
2 26 40
1 18 86
2 28 30
1 97 97
2 17 57
1 30 94
2 63 73
1 49 93
2 9 51
1 17 90
2 24 79
1 97 98
2 7 51
1 74 81
2 68 93
1 9 39
2 4 42
1 38 47
2 23 23
1 97 100
2 74 78
1 92 94
2 4 37
1 5 53
2 72 83
1 46 60
2 67 95
1 78 99
2 61 71
1 53 99
2 30 97
1 42 53
2 1 20
1 56 77
2 9 39
1 4 79
2 62 90
1 66 86
2 99 100
1 14 88
2 41 80
1 91 91
2 70 96
1 24 50
2 35 64
1 47 63
2 11 18
1 56 77
2 21 21
1 43 61
2 75 93
1 69 90
2 76 85
1 82 84
2 87 91
1 18 72
2 22 74
1 6 91
2 13 39
1 33 82
2 6 60
1 21 97

100
7624 1675 15517 28681 8399 2449 2431 6345 17564 24382 29555 3896 25774 5166 14201 13284 22697 30078 12807 26114 25920 20006 30469 19296 13399 3721 11036 21659 6249 4683 560 20882 7976 30819 1835 10778 14180 16753 4349 3828 28206 10321 2273 14076 1853 26864 26081 31906 29841 26974 412 28574 29013 31013 10823 12000 17418 6874 5618 7878 27618 3057 6924 20370 15722 32469 21034 10267 12908 15161 1284 10435 28948 6312 3776 23208 20049 1892 4468 16159 20350 7021 9446 21342 28482 19936 25238 31864 10677 26754 29438 28559 5060 20381 24 27204 470 7691 12577 20339 
100
2 33 61
1 22 38
2 58 61
1 32 50
2 63 94
1 11 32
2 47 58
1 97 97
2 43 59
1 43 93
2 72 93
1 65 97
2 99 99
1 4 26
2 85 95
1 45 71
2 70 77
1 71 74
2 92 96
1 80 83
2 69 69
1 44 49
2 1 16
1 63 68
2 81 93
1 32 90
2 82 93
1 50 57
2 58 81
1 30 94
2 12 73
1 24 98
2 7 14
1 6 51
2 57 67
1 43 82
2 8 13
1 5 93
2 72 88
1 58 71
2 18 87
1 91 91
2 44 78
1 85 91
2 98 99
1 35 39
2 89 95
1 16 95
2 71 84
1 95 96
2 14 55
1 20 59
2 59 84
1 89 97
2 37 64
1 37 62
2 82 96
1 35 66
2 78 85
1 42 97
2 51 90
1 48 94
2 36 58
1 68 83
2 53 62
1 33 59
2 78 90
1 56 67
2 40 79
1 20 22
2 96 96
1 36 86
2 1 23
1 8 82
2 24 40
1 6 88
2 49 80
1 20 55
2 97 100
1 37 97
2 18 92
1 12 32
2 83 100
1 73 100
2 1 81
1 51 52
2 33 34
1 68 84
2 6 83
1 15 82
2 77 80
1 4 58
2 63 81
1 71 72
2 64 88
1 58 62
2 66 78
1 16 99
2 47 56
1 6 39

100
26630 28443 27092 32110 23618 17421 19523 20366 8665 18077 13522 1634 26649 32496 2275 14422 22534 27914 5940 19646 251 21223 2474 13951 30868 25799 9293 18188 12746 21449 30099 11669 20320 26299 23521 30331 30079 5425 1103 7942 24221 22740 18092 4442 14243 10493 706 7335 1870 21635 25306 15777 9429 11729 10115 19248 461 15675 24720 23400 19274 28050 14176 29883 9800 26357 11874 24429 2889 3051 31191 11081 1343 19631 21978 15763 22443 17611 32158 31549 20487 22248 10232 25437 18018 15077 11549 11743 4426 12838 14764 17015 28910 22063 13039 7130 13700 13681 12382 27438 
100
2 50 97
1 77 100
2 80 99
1 67 92
2 25 55
1 39 57
2 66 68
1 81 93
2 56 95
1 24 36
2 74 93
1 27 66
2 87 99
1 1 68
2 22 38
1 38 84
2 76 87
1 98 99
2 76 95
1 68 80
2 78 96
1 32 33
2 92 95
1 9 98
2 72 72
1 30 69
2 52 93
1 30 99
2 22 69
1 21 41
2 36 89
1 28 48
2 3 25
1 36 65
2 50 50
1 23 50
2 50 77
1 4 50
2 55 80
1 68 75
2 78 86
1 41 69
2 13 35
1 98 100
2 57 71
1 99 100
2 83 94
1 2 18
2 57 61
1 50 56
2 24 57
1 35 98
2 74 80
1 94 99
2 48 56
1 71 84
2 41 64
1 36 39
2 80 98
1 11 79
2 84 100
1 83 88
2 38 41
1 3 31
2 12 57
1 44 90
2 52 98
1 64 69
2 34 35
1 22 57
2 65 74
1 24 25
2 14 97
1 11 29
2 79 100
1 82 88
2 15 78
1 34 36
2 51 99
1 4 86
2 65 70
1 2 86
2 62 84
1 71 72
2 70 76
1 89 96
2 70 98
1 66 67
2 37 65
1 3 45
2 36 89
1 14 99
2 14 85
1 86 94
2 4 38
1 3 100
2 100 100
1 17 84
2 52 63
1 7 77

100
9604 6556 4633 6916 5900 21708 25457 1921 29769 2106 19962 1712 21151 4298 9175 10166 13299 6875 2489 16148 4881 3357 1629 18462 3915 5543 11095 31406 31587 3396 15119 26905 21420 9486 28681 14946 24427 4671 18793 21678 387 11331 182 3064 31826 12562 3294 10502 11478 9148 22138 23708 276 31045 340 29423 11706 1972 28454 23388 26371 27495 24485 22618 8411 22185 20926 27566 6724 32647 2592 21214 14328 8159 25338 10215 29263 15289 18694 31282 23140 8666 2502 29637 31347 23191 22286 24247 5510 30952 9154 7910 2641 445 15841 29676 23898 23957 18882 5966 
100
2 70 86
1 71 88
2 7 77
1 80 82
2 73 93
1 92 94
2 63 80
1 33 68
2 89 95
1 12 42
2 25 51
1 71 81
2 11 56
1 87 94
2 18 77
1 38 57
2 43 74
1 5 71
2 63 92
1 1 3
2 96 96
1 35 50
2 44 93
1 90 91
2 34 64
1 24 39
2 97 100
1 19 45
2 86 95
1 13 67
2 92 99
1 58 89
2 62 65
1 66 97
2 21 69
1 11 27
2 82 87
1 95 98
2 34 62
1 13 91
2 52 65
1 92 94
2 95 97
1 64 79
2 21 26
1 77 100
2 35 82
1 89 99
2 82 83
1 18 81
2 24 38
1 60 60
2 79 96
1 76 93
2 71 86
1 18 18
2 79 98
1 46 48
2 74 94
1 45 87
2 98 100
1 94 99
2 73 81
1 19 72
2 90 95
1 58 67
2 6 94
1 15 81
2 43 99
1 43 53
2 45 75
1 1 55
2 27 57
1 45 91
2 8 74
1 82 84
2 6 74
1 77 79
2 59 68
1 50 69
2 47 99
1 73 86
2 49 89
1 45 82
2 62 90
1 19 26
2 97 97
1 35 94
2 71 98
1 74 98
2 23 88
1 40 76
2 69 98
1 28 28
2 97 99
1 28 38
2 17 22
1 15 92
2 26 42
1 8 80

100
14862 2017 26723 18073 21425 110 23706 17825 25560 18302 17182 30772 19967 26281 8957 7614 5682 19165 2616 19909 28974 9205 16143 29727 8131 25229 5759 23907 6524 18453 5130 26525 19074 15653 14006 11078 26814 25104 5976 12403 9278 3516 15378 1100 14042 11953 17691 17088 5911 17007 22206 26743 21067 22277 25766 264 20994 19167 16984 1389 4257 16096 7425 32436 329 28337 17010 16630 12030 25432 22889 21133 22281 13324 28434 21378 666 18759 32205 31045 25522 22046 20786 29345 31040 31694 27474 18414 16011 19351 20288 2953 27087 6861 21713 28289 32299 23852 27039 3475 
100
2 99 99
1 29 86
2 58 99
1 14 38
2 50 71
1 9 38
2 85 100
1 8 68
2 43 72
1 63 98
2 57 69
1 69 100
2 65 77
1 58 73
2 53 99
1 27 39
2 28 81
1 58 67
2 70 93
1 44 60
2 82 94
1 24 74
2 42 65
1 18 56
2 39 55
1 64 97
2 11 29
1 16 22
2 23 97
1 70 94
2 100 100
1 31 88
2 11 86
1 22 76
2 79 89
1 81 93
2 76 86
1 16 74
2 34 86
1 58 66
2 24 33
1 96 96
2 53 67
1 50 97
2 55 76
1 70 77
2 18 89
1 76 98
2 67 73
1 72 86
2 54 90
1 74 92
2 100 100
1 27 59
2 77 95
1 30 42
2 69 74
1 50 58
2 37 49
1 83 86
2 69 95
1 27 57
2 23 77
1 10 81
2 26 38
1 40 85
2 29 79
1 2 59
2 38 88
1 83 99
2 18 44
1 33 79
2 69 70
1 30 89
2 49 56
1 92 92
2 92 92
1 17 56
2 67 85
1 14 49
2 82 100
1 38 47
2 12 53
1 70 78
2 61 62
1 16 26
2 79 93
1 92 98
2 73 94
1 85 90
2 83 89
1 80 98
2 10 18
1 30 34
2 70 98
1 59 62
2 37 79
1 19 78
2 45 50
1 80 83

100
20897 18462 19335 1886 20881 18949 10992 31495 32048 32409 1309 10758 18396 26327 1510 17510 18120 4911 19399 16198 26854 3037 32481 8142 26123 4982 22849 29288 10574 30657 1125 16940 15025 25801 28668 9371 27651 28208 1518 11665 19716 17094 24476 24437 10955 15962 24681 27571 7781 19921 22905 22380 28351 22901 6841 22636 18885 10639 5407 32348 6348 31031 29235 31800 29741 11115 17614 9732 31283 22111 14113 30395 3384 6420 23034 12937 15626 28460 31043 31033 24468 30461 6603 23793 7354 24036 1098 20765 29060 26331 415 1449 28287 16206 11355 627 13664 5675 31619 5888 
100
2 12 63
1 83 91
2 80 91
1 79 88
2 48 71
1 13 63
2 73 96
1 99 100
2 1 67
1 5 47
2 99 100
1 42 74
2 12 65
1 4 31
2 34 35
1 42 86
2 2 100
1 57 93
2 83 94
1 81 92
2 25 53
1 2 84
2 80 100
1 34 43
2 57 74
1 41 77
2 78 95
1 62 93
2 12 59
1 87 99
2 4 53
1 17 97
2 95 98
1 32 61
2 95 99
1 62 98
2 67 91
1 82 83
2 20 27
1 70 70
2 65 71
1 14 83
2 19 89
1 69 92
2 86 100
1 42 83
2 56 62
1 91 98
2 31 59
1 97 98
2 65 73
1 81 99
2 22 46
1 53 77
2 50 81
1 41 57
2 67 83
1 28 63
2 73 94
1 30 40
2 28 52
1 32 99
2 50 75
1 90 98
2 54 97
1 3 75
2 4 65
1 14 55
2 6 75
1 12 84
2 42 88
1 97 98
2 9 78
1 48 99
2 39 73
1 57 91
2 75 83
1 17 68
2 74 97
1 85 85
2 80 99
1 62 75
2 71 98
1 45 62
2 70 100
1 81 97
2 24 41
1 62 78
2 41 94
1 32 53
2 68 73
1 11 39
2 31 72
1 18 72
2 28 42
1 57 75
2 24 67
1 47 86
2 9 88
1 39 49

100
11071 17538 18278 6753 30574 25464 17973 22555 10246 19361 31270 26696 8132 26326 12158 2211 32203 3773 29716 32567 24902 20965 6163 10263 4174 3858 11260 2896 1550 23253 8170 3868 11301 25440 26650 6744 17227 18073 19114 15160 16184 3693 15009 9786 6594 18279 25648 8536 24901 25985 20024 12162 1607 27450 13579 4171 11356 1768 631 26595 584 6736 1793 9029 25956 24692 22638 27825 21571 9644 31112 17501 29844 17912 12062 4456 12362 26005 9805 16143 11771 6094 20478 14883 10374 26645 5552 25274 27129 31058 19320 17958 28082 12155 837 13603 28100 5989 9577 2644 
100
2 77 79
1 70 76
2 89 96
1 1 83
2 72 80
1 1 12
2 99 100
1 13 31
2 52 54
1 78 84
2 22 73
1 10 25
2 100 100
1 81 87
2 1 89
1 100 100
2 35 83
1 4 92
2 83 90
1 57 57
2 4 46
1 50 54
2 3 23
1 90 93
2 75 82
1 91 99
2 68 68
1 18 25
2 18 35
1 11 74
2 99 99
1 30 66
2 28 65
1 78 86
2 92 99
1 94 96
2 33 55
1 77 78
2 72 91
1 30 67
2 31 63
1 44 100
2 38 91
1 82 97
2 99 99
1 91 93
2 65 79
1 87 89
2 86 97
1 97 99
2 23 96
1 100 100
2 81 83
1 23 93
2 34 86
1 86 100
2 98 100
1 34 66
2 2 12
1 44 65
2 28 86
1 33 72
2 80 94
1 56 80
2 62 86
1 44 47
2 18 95
1 59 85
2 29 76
1 35 49
2 48 53
1 37 49
2 70 77
1 32 80
2 5 71
1 67 82
2 77 81
1 93 99
2 56 56
1 75 96
2 61 65
1 15 28
2 51 97
1 20 67
2 4 34
1 10 91
2 83 96
1 55 74
2 28 39
1 22 40
2 58 94
1 43 73
2 37 95
1 35 62
2 44 47
1 54 93
2 40 82
1 18 59
2 71 96
1 22 66

100
9459 20246 24918 15692 25407 11799 6376 12821 26274 25068 6568 22619 642 18812 31664 2396 1649 9242 14039 31781 12697 18265 20787 18948 30045 26401 22237 5953 19261 9218 32500 13321 8698 21449 8677 18859 9723 14417 25833 26631 26864 6300 16079 1858 11445 28706 14843 20927 21881 10345 6063 19019 18207 4310 14473 8856 12772 2243 28237 21997 4675 4050 6885 23579 26646 12416 16550 2227 26877 30973 26581 27254 12803 30267 32106 16141 15487 25924 3859 20219 6713 3794 2172 17871 15566 281 21966 23198 19542 7144 3958 23728 20803 8944 4903 30842 13708 19043 11810 18636 
100
2 45 47
1 42 42
2 90 99
1 46 75
2 61 71
1 54 73
2 18 19
1 49 93
2 39 85
1 83 89
2 90 93
1 55 90
2 72 76
1 75 77
2 20 85
1 9 100
2 72 89
1 29 61
2 32 81
1 74 89
2 25 52
1 57 87
2 50 84
1 47 87
2 88 90
1 3 45
2 39 58
1 56 100
2 42 61
1 12 13
2 27 91
1 9 99
2 80 99
1 83 89
2 33 70
1 78 89
2 12 27
1 33 74
2 85 99
1 36 63
2 85 89
1 30 91
2 33 54
1 6 6
2 15 75
1 94 95
2 33 83
1 52 78
2 53 79
1 44 54
2 48 95
1 55 66
2 89 89
1 39 86
2 52 80
1 31 60
2 36 59
1 36 100
2 38 60
1 23 69
2 91 94
1 21 82
2 27 92
1 57 61
2 19 26
1 45 85
2 80 90
1 16 73
2 93 97
1 26 65
2 4 73
1 56 92
2 15 82
1 81 99
2 100 100
1 9 44
2 77 97
1 98 98
2 86 97
1 20 36
2 33 71
1 77 97
2 27 94
1 81 95
2 64 79
1 74 83
2 70 72
1 79 89
2 35 36
1 58 88
2 92 96
1 71 74
2 15 41
1 80 85
2 3 20
1 54 85
2 65 81
1 65 67
2 63 76
1 82 93

100
5413 17879 7123 21341 27444 26492 27052 30391 27311 31660 1917 22368 16033 12624 6233 15533 16214 13468 14458 12161 31096 10652 23941 27003 12408 13584 3086 17518 24623 1914 1631 15890 454 7797 22645 25593 6099 12360 25932 15300 17860 30139 22877 31638 30337 17962 9828 9929 22093 14807 27750 25312 9197 18052 29683 6333 7437 2626 7593 13845 2527 14468 27385 8992 11269 23927 1070 16533 5297 27542 24490 469 9739 18297 28275 30566 17363 17901 29167 23972 30535 20554 24300 947 2631 8961 29155 7864 23991 23157 22654 23881 32549 16908 5207 20258 16811 6533 31491 29977 
100
2 88 99
1 44 93
2 39 60
1 18 67
2 95 99
1 40 69
2 61 98
1 48 70
2 5 31
1 47 59
2 78 97
1 72 74
2 77 79
1 47 89
2 37 43
1 27 100
2 2 45
1 51 54
2 51 77
1 36 38
2 100 100
1 12 43
2 60 81
1 29 99
2 78 85
1 56 60
2 10 37
1 40 94
2 58 60
1 58 73
2 37 72
1 95 100
2 64 100
1 84 92
2 76 100
1 20 43
2 67 91
1 96 100
2 62 66
1 70 96
2 98 100
1 28 45
2 70 83
1 83 89
2 57 80
1 41 45
2 76 97
1 68 78
2 46 56
1 60 65
2 46 96
1 96 100
2 4 74
1 84 95
2 64 76
1 97 97
2 67 90
1 86 93
2 11 46
1 22 33
2 58 60
1 45 99
2 18 26
1 23 75
2 43 86
1 42 80
2 64 69
1 44 94
2 39 46
1 77 97
2 31 59
1 30 38
2 71 100
1 94 96
2 53 56
1 100 100
2 100 100
1 93 100
2 30 57
1 55 65
2 100 100
1 66 70
2 39 84
1 74 78
2 87 93
1 22 49
2 34 46
1 48 56
2 52 80
1 68 96
2 56 94
1 29 39
2 41 95
1 85 95
2 53 95
1 28 88
2 54 88
1 21 33
2 79 82
1 28 43

100
15648 27407 23910 24742 7179 24226 11258 27211 19266 26569 23128 22258 7746 8998 3440 1889 17422 20412 25605 19425 1558 8776 19630 29239 28253 25301 32033 28630 6363 2187 28336 31827 13345 18376 1044 12313 30011 18034 15466 31582 730 27275 6011 2390 7091 30469 3904 25510 31778 27352 19110 27163 18195 22099 28046 29340 30242 6831 10776 9565 5377 18410 30497 26966 19482 3283 4106 29940 32374 28001 8635 22286 32478 13128 18664 3098 8256 19662 17811 29601 9556 3547 2003 14832 21374 1872 31187 2577 11511 26778 11037 7161 5672 8071 16665 29443 27222 10840 20688 24733 
100
2 85 92
1 27 36
2 26 75
1 45 61
2 47 58
1 83 89
2 96 97
1 1 81
2 82 97
1 95 96
2 8 43
1 14 32
2 4 83
1 61 95
2 77 85
1 28 85
2 62 69
1 28 83
2 13 30
1 55 75
2 69 98
1 65 78
2 18 81
1 63 64
2 71 94
1 3 27
2 96 99
1 80 89
2 64 78
1 27 88
2 80 80
1 39 46
2 62 90
1 53 74
2 1 26
1 7 25
2 1 60
1 70 90
2 33 45
1 25 66
2 31 48
1 8 27
2 96 96
1 21 97
2 81 100
1 41 71
2 17 60
1 50 64
2 8 42
1 80 100
2 99 100
1 30 97
2 21 55
1 70 97
2 38 52
1 4 95
2 22 61
1 2 97
2 12 39
1 36 48
2 87 89
1 70 75
2 96 99
1 98 100
2 29 50
1 48 55
2 74 90
1 59 79
2 15 72
1 98 99
2 49 50
1 94 94
2 76 99
1 70 94
2 35 65
1 69 94
2 49 52
1 47 52
2 41 74
1 34 97
2 25 86
1 58 98
2 45 95
1 10 71
2 69 83
1 81 86
2 33 37
1 1 43
2 24 86
1 95 95
2 47 61
1 4 95
2 9 82
1 63 73
2 31 81
1 18 47
2 96 99
1 69 82
2 15 17
1 8 82

