93 195
52 82 673
24 67 631
48 46 547
6 76 366
30 73 878
41 65 398
73 89 433
75 32 852
8 51 984
65 27 982
60 83 505
84 14 935
61 49 642
19 3 794
70 76 688
40 83 738
46 53 881
51 3 699
7 81 871
3 16 430
21 88 824
50 38 927
62 19 521
36 83 349
90 23 411
70 50 782
65 17 712
43 47 537
52 14 310
33 12 400
72 2 700
92 61 926
4 23 320
20 75 344
67 90 969
61 5 359
41 22 444
66 79 392
67 81 408
93 7 421
6 18 436
13 93 648
56 17 954
81 77 357
30 26 607
45 37 467
34 74 880
5 22 651
55 49 527
51 86 939
87 36 868
71 56 873
84 10 810
70 4 638
54 6 424
57 91 892
47 33 911
9 8 341
56 57 473
7 48 860
49 17 664
50 91 914
23 86 943
33 72 941
12 69 841
53 76 653
13 41 936
72 55 485
68 27 729
77 54 470
47 80 347
35 36 898
31 89 955
62 69 375
20 60 552
74 35 831
70 58 772
71 88 853
13 60 683
15 14 526
6 78 691
25 17 445
31 66 824
27 26 328
28 55 923
92 22 417
32 64 991
45 3 401
47 18 771
20 91 744
27 37 355
18 60 918
45 26 615
26 1 748
88 79 758
33 34 886
16 84 548
25 87 929
56 63 602
5 19 772
54 93 909
19 17 930
42 48 339
14 46 468
84 93 593
11 28 542
78 11 318
73 93 925
86 45 581
63 68 392
44 48 306
63 61 877
62 20 942
9 86 727
9 55 534
12 91 942
40 39 321
12 57 374
82 29 397
59 48 807
55 27 838
91 55 890
77 35 317
36 6 991
57 20 488
17 39 961
61 46 345
92 45 890
36 20 585
13 32 366
24 73 847
71 91 666
16 20 756
55 53 341
90 33 356
24 46 409
18 63 769
1 73 649
56 25 911
27 38 574
15 39 623
38 18 796
19 91 770
57 69 410
79 30 676
3 33 571
59 53 714
10 46 318
83 29 320
79 5 917
44 54 442
19 29 642
78 17 576
63 68 346
48 22 814
64 45 566
12 60 717
2 5 512
62 58 508
85 10 629
69 14 654
83 80 794
2 62 611
77 78 896
85 88 771
82 16 939
28 75 475
32 92 849
78 21 934
56 43 566
29 54 870
32 93 452
1 81 833
59 1 468
40 74 606
89 8 796
84 18 672
25 11 525
29 38 484
12 89 808
9 82 424
40 8 919
50 44 826
11 93 779
83 51 705
48 81 619
59 13 495
52 81 714
42 28 702
58 49 571
15 9 429
37 58 397
71 63 966
83 57 362
56 59 336
