466 466
62 396 903199
6 425 552419
202 236 561563
413 150 280393
247 3 775212
214 79 531302
317 212 558785
34 50 781456
165 242 765581
447 147 370257
119 29 406847
407 182 563472
398 365 461257
243 136 480640
374 222 274222
452 392 468703
46 116 276413
152 54 210966
194 464 882526
40 108 273929
228 290 241609
65 357 159923
320 311 400306
308 201 430012
400 432 616162
414 154 420299
460 270 740744
396 243 969410
281 112 734604
390 244 741660
250 255 653389
278 179 409415
111 395 18153
68 194 948686
448 419 601752
10 45 434788
11 107 877199
351 397 195836
404 3 436754
211 110 470453
263 113 368953
155 128 261418
371 58 607127
103 185 544664
269 188 364174
216 389 202697
407 282 500504
457 21 190919
381 230 134090
263 257 660301
205 191 565814
174 334 687519
321 225 13510
17 410 384555
192 244 673893
180 120 422906
146 334 553555
177 156 760751
147 197 502665
83 113 343153
322 451 426607
27 271 769971
138 279 371595
91 113 164782
169 285 105345
458 390 716772
151 85 76653
124 190 389979
64 176 552620
404 42 294233
367 19 682232
417 329 456923
140 61 399521
72 44 946149
317 287 579594
393 314 745549
273 458 670321
174 239 841505
301 377 262607
41 9 295805
95 127 307204
193 299 302875
43 315 384934
130 381 572811
235 209 458648
261 51 582771
403 137 300481
26 303 658352
100 166 213532
312 143 287024
15 36 402169
233 442 690208
352 90 772243
303 220 864294
40 384 713050
341 334 269546
77 356 770853
400 222 770458
71 102 651782
87 282 547213
254 35 554077
55 395 469400
335 153 643406
458 141 429394
331 399 695348
251 307 775431
119 128 724394
345 460 339317
209 453 458636
393 195 522111
325 204 513834
257 121 780968
249 358 162303
102 290 236491
129 205 328175
35 293 213449
302 154 512987
122 455 327545
295 375 633889
131 183 296339
162 350 587029
17 246 752384
449 326 496099
241 37 681999
92 311 535803
291 429 358570
120 275 592851
238 298 585743
16 303 323186
244 121 748387
458 33 208991
364 71 381251
447 309 668611
50 116 735042
459 460 850597
233 31 760225
453 57 266859
85 392 250954
377 349 166958
5 77 202370
299 420 642585
445 99 367403
276 261 284538
91 431 656722
432 22 649016
90 428 654181
123 159 339934
20 81 862568
80 221 73470
435 466 518212
212 199 352069
368 272 733089
277 347 986060
276 255 753606
26 105 744903
226 444 358530
31 434 235942
78 69 700713
219 423 654007
270 377 691260
162 188 786202
386 379 174271
360 44 343398
391 124 427555
258 137 661988
193 46 172952
450 38 774856
443 286 134803
149 237 221860
417 145 202264
308 181 985894
316 153 471546
49 289 409816
400 104 280387
123 267 547951
241 323 488363
170 381 907307
69 222 310766
443 441 367881
427 59 2541
23 211 498882
337 446 731018
139 194 597155
54 49 748186
190 152 648373
39 435 232945
311 234 78949
372 440 663606
198 2 976614
382 186 411190
364 332 521161
171 247 407140
286 32 121282
120 378 492152
405 24 59911
248 440 973820
34 265 632393
87 38 294682
307 308 426527
199 4 285060
418 456 358661
385 351 894900
456 108 615346
409 359 629898
138 95 359239
132 318 883565
166 140 174795
159 14 675987
202 333 789401
214 60 178815
76 419 304128
163 355 184529
60 376 485030
341 79 213818
421 206 617688
425 411 405133
330 109 436781
355 410 622243
194 232 183696
208 446 342506
419 134 374085
252 324 431470
425 223 464671
73 213 781076
324 96 787939
366 310 449937
387 404 39969
407 13 439006
52 295 747556
282 66 365440
463 109 430884
39 323 404344
452 430 60526
283 162 243447
258 223 608956
296 176 385769
221 94 754327
88 275 451533
337 461 683861
91 383 414269
201 187 760483
24 93 437832
448 412 274767
424 134 591014
125 230 857721
198 227 741952
218 280 523529
380 238 503203
9 167 746958
245 298 242499
213 366 386256
339 449 517762
277 311 362652
223 348 978602
243 262 175916
218 25 316616
65 200 91130
110 94 643598
397 236 153679
274 369 705547
217 101 243527
254 272 764747
188 336 736589
198 117 9434
118 265 335115
305 132 718568
12 296 741020
187 332 579897
86 340 591391
160 132 105025
175 319 164769
88 155 604431
28 130 466782
437 466 439608
462 204 167767
465 370 419616
13 360 362967
171 69 185955
373 459 747065
440 322 511132
328 35 673596
281 53 290869
461 183 301218
388 81 580602
60 161 852452
316 21 516578
240 168 397795
122 191 620995
361 461 3183
82 81 187751
139 177 359323
339 115 746041
25 436 326890
365 409 371651
339 264 255803
379 65 300926
231 246 179762
212 67 309303
264 61 227200
256 463 784761
143 355 203406
149 261 67215
326 58 499442
335 165 341642
421 4 523553
418 315 303468
35 401 409068
462 43 676838
394 46 822008
111 203 294135
292 82 396674
432 290 292056
197 195 219034
9 371 717830
406 119 575480
279 92 573250
434 351 214508
411 327 511839
309 356 743641
250 96 658374
441 411 422691
382 37 637069
215 342 274330
416 326 529607
38 202 556280
308 48 710885
204 70 256913
288 294 130911
448 354 207662
372 215 522401
207 97 964003
95 376 482422
156 313 670321
75 135 606125
75 313 547207
84 136 734355
253 358 646719
253 123 201892
225 301 512541
8 201 955776
304 126 765220
160 346 582689
285 288 984645
183 148 189479
93 99 456033
446 158 895574
81 259 249868
126 249 440979
11 278 338875
414 281 762229
145 1 779833
330 307 584288
85 268 162776
16 225 483207
208 198 467186
384 132 403458
381 101 335770
266 294 296276
338 64 152781
172 422 208718
325 245 435726
59 231 789013
89 134 199979
444 44 194040
19 134 577679
266 12 456045
81 463 427599
14 55 362070
7 386 321897
442 148 478345
293 342 207059
284 195 1317
154 423 282976
194 146 430134
10 310 303871
357 451 235014
290 415 748791
363 292 916515
242 114 265597
438 292 173270
216 314 302130
252 422 630585
160 426 326605
37 184 548722
465 331 314679
428 56 513762
306 41 292494
45 36 257811
86 412 437440
38 433 394129
340 395 456597
300 155 918626
63 157 424564
185 336 324350
420 219 366441
277 295 658438
64 98 304976
189 214 194244
143 18 254217
294 114 787047
124 47 439145
120 63 299367
289 112 739891
460 291 536084
126 5 722307
129 457 749919
274 27 173736
74 43 780798
455 386 308872
150 210 203151
238 210 388280
437 47 161471
63 443 332814
306 226 271232
344 86 956566
389 103 604961
369 359 670263
142 305 266899
229 398 691819
221 445 386672
327 30 467959
151 353 408798
138 144 985354
280 207 369297
319 441 467001
222 343 574032
142 59 262200
27 186 763628
224 51 644633
46 408 108407
57 345 641079
11 217 700070
136 283 397614
370 338 188507
398 329 648514
352 317 416889
452 52 591704
297 432 865613
368 29 162877
24 28 341231
196 97 370449
173 90 671558
21 439 584114
105 224 615869
168 268 231442
118 243 316500
213 141 232746
38 106 107135
207 367 379995
403 18 726118
198 278 383957
173 164 274688
75 362 971675
331 422 665236
42 436 716027
178 136 960783
41 402 773642
206 150 698665
135 431 435136
438 100 512062
145 56 195644
197 260 584915
36 23 186798
454 304 584205
235 168 639297
133 274 151935
