4661 4661
2320 2875 820978275
4098 727 452951714
863 1767 406266857
1309 3579 634526584
781 2653 591321557
3516 2523 461931746
3020 789 223259292
3693 809 456730113
4622 3121 757858231
7 533 501496079
354 4035 875822636
411 4578 866697082
630 1381 766796935
3354 906 830011196
3839 1019 586708745
3927 1525 299054617
3281 128 571486362
1839 3510 226466802
2923 793 887505973
1936 2489 424198536
3735 4060 835372875
703 4062 505891775
2679 3580 875323182
171 1362 801797615
1655 4488 672559006
1944 3034 730050321
210 977 800702908
723 3594 489653886
928 2189 413945268
3684 390 353397732
3555 2021 208417914
3037 4205 305821006
186 902 326071177
1080 2778 352452098
1462 2824 494673300
1581 1855 788087242
2044 4482 91985249
4220 1608 888577126
275 2453 365666612
4295 950 348124477
677 2915 364513754
2770 3424 221581870
4000 4262 751121184
2131 3360 600430357
3858 4654 236105684
1543 3879 502118359
885 1973 521061597
1088 303 261396005
811 4380 566542629
3120 2663 797565769
1546 3104 788872367
1306 4338 787179155
4298 2069 589238934
79 4418 816276484
4062 4550 865800708
4516 638 828653133
2368 3116 625843535
2660 3584 431773661
1206 4155 349045517
3124 1396 887677935
12 802 478707355
4645 3904 885424275
277 1743 312871845
4358 2787 386510196
1649 1662 857730269
4292 101 310927370
80 1310 484678754
951 379 360889669
4421 1019 813989707
1619 3035 609235225
1088 1574 605288859
1857 4352 499423112
779 830 618544373
3140 4611 620571853
52 384 712424099
2393 3524 382232387
4078 3182 135624847
950 3404 521246705
3600 879 863946031
1835 1769 869108026
3261 4133 490852472
643 1734 699527685
2338 2776 228568924
138 2655 381768422
493 1098 203036086
1381 4605 570467572
920 1838 748425729
828 3317 150154705
302 1111 671260642
4546 610 867588952
3447 4116 618342356
1278 3551 605652782
4245 880 528668822
2241 1319 399954308
3183 3768 827961301
307 477 788027143
2769 3815 168039063
894 446 820432368
2424 2112 790539835
1164 3382 870601562
3595 953 892743726
2155 3865 367917968
2460 4200 250364122
4426 129 663406514
2246 187 385392029
4025 4548 708530976
4651 2134 723058130
1285 958 594432453
1968 4645 558739631
4538 1980 469082336
3892 113 662859624
995 1514 693508566
3291 3181 357949426
699 1001 964944089
2716 1807 563361791
3475 2687 474028073
1939 2928 214447516
1093 2689 667154408
3967 2306 209979391
4285 952 486941727
2702 1406 154036854
2151 540 763733006
2688 2126 272159779
327 1755 283183777
887 4473 448861447
600 579 790148424
4001 2808 298913965
1116 3131 367005769
2959 1198 267493931
3033 1999 364351457
4257 3931 476622063
1029 1820 951805041
3159 912 900004736
341 1186 570049819
4333 629 587586676
4511 1005 725630276
2833 1128 859799448
3094 2364 625322027
483 3151 309949724
289 1434 402213926
2544 3498 644485425
2611 1066 841442789
1717 1914 242567365
4605 2648 302803906
3328 3569 271767015
2112 2834 614724742
2512 2707 624621419
94 3996 675534531
1349 2581 712668293
3640 690 525096471
3346 42 170958833
4217 2913 410582588
1337 1687 881945403
3949 3598 630105858
1576 4002 297155103
1275 4149 397980740
682 54 345039084
3339 3786 711551722
3909 3986 666857614
3222 1085 366701061
2809 4214 864435332
1567 4324 240719543
904 324 694976875
71 4530 306939482
4352 2887 763201182
3313 2656 377400643
3599 2827 528348634
1389 841 584340200
2298 906 574670689
2956 3980 748692773
978 2352 335487485
3280 1811 230790214
3984 3634 400386421
3004 691 377611839
2108 1660 413715881
4114 2336 434947079
4323 481 355561443
2891 1969 536239114
2681 3677 422668673
4376 2270 516570521
2348 1812 418195112
4617 758 550975932
2294 2568 821644303
3095 1530 215282478
3030 76 582781669
2139 1324 566921293
2821 3585 281379021
3515 2296 280036134
1594 2405 626104538
4137 2801 510012853
3124 1468 444443494
3636 1840 740533052
1006 2710 444669362
2518 3841 376955017
4274 1284 551987225
2730 4168 540648374
4566 1608 800304478
81 3987 494339531
4202 1562 757353314
3727 1475 479379141
1951 267 175421945
1548 3146 216221475
1576 3489 640470601
3481 493 854815728
3414 3687 968146307
223 3962 490556130
1144 1657 230217295
1695 2402 553515628
4081 3546 363360990
2614 3048 458457793
2936 4250 602825082
4071 4445 227328007
2268 4117 804334334
4468 4368 432181179
2054 1082 814246504
1034 551 281681065
2217 3140 653478425
2445 3687 882131097
2558 1568 628012886
954 4348 690886800
3797 1074 856565825
2495 3160 627018171
860 1864 614406400
2250 1137 363059959
3400 305 791254056
1850 4136 804434082
1974 4544 807341227
432 321 395289384
2880 3067 757837561
3737 2945 316440701
3560 1451 351236524
2484 1897 500983273
2754 2981 330037778
39 781 551199511
2454 4254 472614234
1675 4144 494905154
2005 717 380761642
980 31 690763476
2170 1682 617517109
3825 1778 219539483
2782 382 342499662
3035 4170 580382848
286 3504 279272413
4308 1269 413959044
4604 1126 742132142
3589 87 604681452
1733 825 501863517
2611 4252 383019296
1880 1901 889648283
1647 3591 600665190
2703 92 612933313
2349 3141 334454123
1317 77 673282517
3221 1229 229785916
4103 729 368353060
3503 2579 843022006
3430 1807 422664229
3033 1646 589305411
2969 502 370064706
3963 3780 249938953
42 897 659074112
488 686 748236862
3588 936 604550512
4458 3347 852811040
2555 2776 846385190
3169 1489 400346142
1290 4441 574698848
2502 1054 419836277
2517 349 398128636
1133 1477 646833046
4618 1097 467958707
2535 1865 766343342
4593 701 390591113
3562 1589 474113426
2902 3512 164639261
4561 157 963534001
2420 1886 595218253
3114 868 537690915
1698 1963 263036722
890 2031 322790739
4073 2208 786763497
3325 4619 263652845
3682 4456 266665237
136 1207 733756172
2814 3197 678943370
2034 4401 541847861
4125 5 821351598
217 706 888854901
3231 3086 279671236
3902 89 599843014
3651 1940 450442296
712 268 814585658
1613 132 625411761
1755 376 540918249
4115 2450 697001860
3349 3445 9664047
896 2192 773903960
1223 1674 287621770
4656 1308 265603011
3504 133 849374890
3102 1142 300665553
2544 1198 855037650
1143 3947 211923173
428 3162 646692539
809 294 246241325
2962 2818 557341469
2709 407 147742503
489 2819 879034040
2694 1291 745649663
304 4421 394582677
300 1169 260753398
923 2129 767852438
4150 2903 600596239
3562 1833 209026946
2486 2392 193983995
3843 2204 635261275
172 3187 887226860
2434 3098 339149048
3925 21 692581822
3707 810 254160222
1301 2659 495583133
939 4251 610766986
3456 983 294245283
3447 2345 488973722
173 4307 223030698
8 1511 662258085
2707 4439 418493827
3805 1498 725269884
1807 1852 913872903
3926 4126 495166386
2565 2502 223674000
1650 3872 597051706
2179 4211 708674066
3066 2012 383892543
4090 3858 717153225
769 1081 610215793
1800 2991 356611272
2896 3299 745400478
3504 4592 761554559
1580 3090 193959224
1703 2142 740854430
3731 3574 448834662
1687 2300 293970651
725 796 853812735
453 2801 833190991
1395 2976 167838620
1587 3107 771783746
3492 3091 385845440
3669 3769 290578709
3922 1734 868113165
4555 3078 391269897
1903 988 215284762
2134 3535 209682020
2592 2762 444248662
4182 1688 242018860
1712 3383 702897141
4157 1686 883751692
121 3099 793130301
4340 2426 43822229
2210 127 443306293
4140 4455 103646270
2265 320 773596418
3120 256 432452708
1309 2877 220280339
2775 2091 770485500
2291 1949 383122376
1213 487 541231270
3652 359 865677204
52 3037 654381105
448 606 620752217
1191 3678 387445773
3469 3762 281487687
3946 195 780507557
2662 1125 300781664
1265 1580 661428658
3860 3923 544666119
886 4321 475580313
76 1607 228753384
2055 2247 616485089
2245 2200 820646476
3941 2388 711965916
2465 2036 326928941
2738 1812 674019596
2125 2356 712752114
1257 1679 221953068
62 2177 470399459
3433 840 644241951
617 3634 446002529
303 1942 710803478
3076 3137 244594975
4453 72 269713381
944 908 338892624
4517 2361 216685850
525 4433 623527298
1730 1227 879001897
3 2795 868947084
2900 2539 607560329
2634 2564 354802644
3314 1782 412421512
536 4567 427128973
2510 2185 630510866
942 4575 277075475
3089 1780 868555386
1952 2004 787953619
4423 1003 755131326
2046 928 325790801
3880 2916 780330523
3660 1517 429182578
1981 2353 464145659
95 2156 407959957
1677 3898 557834862
1698 2606 555431503
3007 4435 676598218
3024 825 470556626
2136 2065 402036698
4371 1808 622688395
1984 1011 406228374
4500 348 501007116
182 1950 778452055
1160 905 808594357
1599 4200 848590303
3065 3108 337465213
2256 445 627733465
2559 737 513724472
2979 4215 868654887
3486 1083 212463882
726 4556 733699278
28 2555 728681516
1343 1884 307251919
1834 1858 608951120
2165 554 545128592
881 2890 862170578
374 2643 470740354
2406 698 211132486
532 4505 868098908
2082 4409 636088465
3924 370 299617837
2543 75 723978134
3151 3399 555769785
675 2705 830996324
3688 527 773966900
1174 3856 637281702
1124 1737 624098155
774 236 855644648
3040 1682 513896430
1328 366 820320966
442 2741 813969640
3173 193 299891370
1998 313 245179281
2674 2511 224774945
1235 959 276960916
1460 3286 495690670
2765 3851 398991922
2413 1022 844779221
2670 849 401013228
2444 1230 928801412
1791 587 395602689
987 4329 425812039
2858 1648 847634845
907 2242 478841652
1959 201 393587928
1816 675 466365811
2035 3201 389132960
3015 545 473828974
4453 861 709141056
3573 2593 778457900
1285 3079 865081262
4282 2033 368095284
862 2835 890139400
498 1050 586643733
2584 2823 380055263
3207 3610 583788284
2152 1747 561677685
4485 311 796124281
991 2943 533600514
1036 522 487061827
615 979 766447944
2655 1322 431148576
1165 79 338409685
1907 3735 671735918
2613 3631 670115224
2711 3950 222238022
2405 3005 746158974
4457 807 474221515
597 3543 875057835
2430 985 561498350
4138 3280 213796129
252 358 371018563
3204 1475 924541544
1481 2274 350547908
3798 1939 615216193
1634 1445 782857529
1899 4242 651738001
3304 1310 528056332
2187 352 19043176
1773 2919 454923427
1582 2940 376840031
4569 2318 826546273
32 1071 651523590
2882 2981 364745271
4346 365 682244870
3041 538 620141292
4598 419 636376227
301 428 414037473
431 2704 52580727
4478 1063 220605298
859 4353 757352637
3310 2287 796077523
4339 3384 803017242
548 221 31135096
3981 67 72654348
2968 4658 830342730
1513 4641 772272096
3939 2036 363034604
2856 4363 819770040
240 808 364682962
244 4051 215636080
4089 3448 281299503
1846 3560 706291667
2161 572 586890410
4084 1799 208449876
315 4653 718717333
4371 2040 868390682
390 1612 340284201
2276 1436 641232381
1887 4510 264064339
1501 1490 433868396
3617 504 631229284
1115 4443 332346136
2475 3217 723879654
2631 118 329621734
2342 46 807441554
330 395 801607750
2002 4463 923134397
2847 2251 255418250
3104 3470 399384220
4583 722 545082639
3778 960 497180614
1715 790 740455867
2620 1645 417462276
2454 3211 931496280
3506 4505 797375065
649 869 243363450
2487 1092 723786546
2362 1212 267011942
2802 2333 537365958
3103 2876 289999497
1430 1124 392527108
4595 1578 883256071
1976 805 372202738
3051 3530 305110859
2403 2117 326113213
3866 2847 575020532
1739 2408 585777281
833 751 847284261
1993 1131 635186592
764 4588 268873261
4553 168 620026751
1200 618 417527962
3089 1678 680441564
2329 4294 247294331
664 1726 572555197
483 1114 295981180
2897 2735 746027751
3851 3718 482422611
739 4098 936429874
2398 3912 855517154
3519 4407 907501879
1307 3415 687360114
3397 3408 497500076
4559 3214 368430009
2365 3426 760903381
1572 3155 757274179
2676 4520 315143895
3062 4311 729584404
4399 3192 801051848
3331 1177 851703095
3453 2322 272159815
3548 331 876530957
2616 2013 241351328
1225 2687 234005458
496 928 805744603
211 2977 880559314
937 2727 213278594
429 4074 837312625
584 694 219694809
3201 156 607876251
3614 3863 481758997
2936 2066 646458830
3374 860 884433762
3597 1732 713223247
1032 2051 394278289
2653 875 565578966
613 782 614165778
1502 3210 868794761
3247 3968 875299650
2893 620 310035947
4214 2302 337355870
2462 1673 257244658
958 1202 423043312
938 3633 437121189
3215 3900 536661540
4071 1741 601904882
250 1897 480087607
3134 3879 520965082
2881 965 422574100
2424 449 459529307
3232 2860 855561583
3345 34 777834043
3920 4101 869326291
1099 3973 640990053
1091 1006 656767358
539 4328 351504219
4012 911 725289289
2965 4477 155836540
2343 895 822588798
2613 4103 438930900
3779 375 948260397
1093 73 538319693
2511 1741 411258953
3343 698 244335543
212 2425 713059018
2464 1180 817170763
4418 2193 247080162
1814 2221 376521665
4018 2651 763306372
3662 4044 316999296
1448 4219 753101561
207 2886 413299879
277 2774 486196906
1116 3750 325083442
4259 3630 790952836
3345 4074 681932005
485 2157 814404054
1461 1780 266038792
4067 3948 228061724
3990 3739 792429418
1533 1644 676156152
3135 1156 94694230
596 2446 395428041
3276 1356 602514130
566 3754 526192687
879 4277 395855587
2671 2015 236240484
206 2138 502560418
839 770 348803156
4345 2638 674387758
502 37 352884284
4201 580 445349163
4603 4249 771500677
2959 3440 381137382
170 2774 600857194
665 1316 873529767
4011 4444 588313835
2724 4493 582595282
1931 117 500181264
1485 3483 301963990
921 662 710863635
3644 2498 683681343
4458 1563 164871224
4375 520 827738439
2659 3524 671601029
2604 2531 259928542
2629 1912 520660828
3298 3556 386758223
919 2604 610413175
2693 3429 607276213
4161 1214 597241217
390 1203 950825256
3384 4031 379936027
3234 1254 716600275
661 2978 786004458
421 3248 714290696
4498 2554 607899822
731 3715 304768964
3195 159 762920682
698 1518 780397153
4175 803 561998948
750 4017 555052757
1692 1669 699714544
1082 914 779778211
3763 4493 9966275
2011 2512 750029240
3716 2952 521996061
1958 1455 406900031
2284 4541 849761605
2677 2733 587302787
3369 1788 819614593
3577 3990 638247622
2954 3009 551348011
4430 691 583381786
3779 4123 268719143
3221 5 511990755
1847 2737 252125281
1642 4657 874743299
33 1617 817620581
4535 2612 246012487
803 3239 552783162
318 4129 329439201
2188 2257 406179045
2522 1820 890957662
3700 3847 214176030
687 1100 793732618
1577 2116 527562662
968 1646 268714004
2503 1393 281753143
2833 504 475843963
4236 3244 357014380
1885 1875 550396204
4323 4291 865645872
3661 4365 251332320
3550 636 389849549
3670 3705 490664131
4526 4193 376006504
3237 965 486181965
2829 518 467575884
4009 2090 24622296
2470 2459 225478523
1046 1554 526978853
3485 2040 341561519
1449 45 669973287
2120 618 708623884
1421 4411 808063999
256 4090 601857119
4053 2918 680470236
1779 932 674722952
1378 805 852337616
1857 3320 663747265
14 2079 579422239
1047 3849 527081895
650 4496 454395500
2128 3804 699510854
1806 4563 343583455
2052 2855 510866210
21 3873 832531726
943 1999 617372578
4635 1685 227576054
668 2161 658536901
1900 4047 816802677
4282 3978 464891291
4575 2269 768177958
1385 4087 780383080
128 2850 295394153
3774 1844 596493152
3100 2515 272484276
2931 180 595725333
3263 1613 490177447
926 2802 416523899
1259 4518 359303306
4326 366 229355567
4020 1234 530791977
3251 891 327763014
3525 2480 627275741
1042 2137 334224194
1411 150 741168442
1323 1257 581186745
1665 2082 501761181
3645 3553 606243356
568 1494 788974744
2141 1342 775366534
3736 495 436008407
3666 1407 747383562
4093 4173 532553400
276 2661 585712382
2630 4492 753384466
143 2087 464128922
604 468 360532065
41 4237 707420176
1656 3424 531328054
4551 3833 828446738
2006 2106 572478483
901 3084 260266803
227 4106 283750704
734 4241 777198667
892 117 208994109
4248 2684 679617588
814 2198 853507948
1387 4177 843821704
363 818 661566452
98 934 395883374
823 367 820784890
2580 1805 628909623
3529 441 550606896
2692 3925 887883439
136 3451 484586595
2143 3698 738576619
2979 2721 422898076
890 1419 465943375
1150 3928 421592695
2413 2387 599152779
3937 179 799081032
639 2251 950327677
2553 4319 542389092
3644 1956 716917970
1065 3438 746698210
4444 4549 695297233
3969 4203 891612632
4007 2087 284573713
4451 2719 550995670
4531 1071 245208763
1132 658 636192182
3267 137 684530605
1231 3496 821018662
10 4309 559520205
3826 944 877422409
3966 25 405251783
1555 450 352833815
3533 1027 353762830
1105 1659 591375500
4422 3249 328334352
257 2279 381577114
1880 2401 246544330
1410 1451 852292615
2108 2416 71076262
2255 2799 566329061
2874 364 315005890
2163 614 494917119
1536 2560 131880519
3465 518 777163667
1216 3325 699465309
4297 1962 541412308
866 3770 797027857
2757 480 518161365
1434 2359 850820725
4436 4083 242247246
259 2440 273661
221 3627 784780066
714 1189 480914301
4372 4049 383864551
4558 1588 667864954
1024 1163 526906249
588 4271 474027979
460 1415 859311821
2675 2196 671254466
1921 2027 657032023
3514 1988 545762815
1026 4132 446597964
858 3746 259249375
2233 3666 613798154
2213 363 360422277
3461 4494 448867959
3478 2372 373065941
3457 93 546020847
2537 970 157217616
2251 4362 720932638
3502 119 851932333
4048 1383 689749853
2381 3898 580421499
2549 637 544904653
496 3796 877697407
4389 3435 310335362
1214 2899 465917840
1390 2911 459215591
1732 2601 893093648
2718 18 287204200
77 1132 595898780
991 2169 439579663
4466 283 515757710
719 1754 346630921
2218 619 512178985
3706 1138 832255159
4377 3157 737289882
613 1663 693349390
2888 4653 297054048
3593 2704 696368875
2944 2 475662442
2588 2640 302460497
3835 1274 867291264
3577 1989 586482131
3823 3129 241950146
347 3194 357205371
3725 4584 746182485
2144 3559 209622027
2567 78 678052709
3249 3806 845239794
4443 1420 221809309
4281 1959 831670394
2339 3155 892836175
1511 1409 468428905
597 1076 216103193
4059 4359 223717433
2507 3772 602427666
786 2592 624617343
4506 3203 718991482
1331 810 218463076
789 1228 309090735
1947 1775 588242781
355 4537 446652954
3976 415 839033502
1964 4129 391132459
2163 4121 232518054
4515 1473 372400914
1643 4243 825050300
3658 3736 334736674
254 2178 423957679
432 1106 524203661
4086 2982 541102647
1691 1945 240817170
397 4648 819299500
1787 741 284952693
2883 4618 275854440
1286 701 502008941
2830 694 331982811
4497 2751 291510835
3749 1353 699470902
3432 405 886045857
2371 3877 825813681
165 3855 354793085
4546 1263 338395094
3988 3877 241739174
4612 3761 194842780
2180 1666 413681135
22 1244 674541505
3586 1564 589048283
782 4316 374222101
4222 975 299564677
331 3671 246142130
3194 2920 424124910
650 3802 762448359
1318 4113 326462553
2885 1397 715181862
3810 2903 762665582
1882 55 752762299
2166 2340 463824224
2917 1035 37044326
2737 763 301189934
740 1086 239773679
1320 1353 714508960
1152 1418 274821955
670 2283 695637290
3371 339 327058340
3013 2001 881736945
4110 3304 963651455
3449 2244 464777012
251 180 568159022
1339 3416 464432966
3868 4633 643313920
394 2455 658938724
4586 3580 656037289
1718 2289 491863070
1653 815 353422924
707 2495 859778755
2987 1038 681830841
308 254 758354428
4105 4517 842371441
3609 783 360828435
2727 2162 772699005
3597 1581 835967297
4642 4131 806958203
3742 2165 334172310
2288 3031 393007700
1386 2896 649447401
2471 2546 296050160
3570 2127 328593555
1009 1175 807664365
1046 581 242394307
788 2859 390680222
2254 1014 246974370
3993 367 517084342
2882 3598 391162249
4278 3500 236321529
1463 1004 368739143
563 1755 748127694
3770 3794 302147545
832 2110 543570870
1126 197 799924879
2503 264 635329040
2934 2542 520043031
1746 480 767944352
857 1423 594873661
933 4143 695670056
704 2636 794356966
3552 1039 310747959
2438 312 401734450
2414 2291 558402813
3715 1302 447973441
2246 174 252670388
1580 3213 92015099
4661 2714 416023024
186 4036 632621070
418 2769 430758038
1136 1305 844503584
922 1987 661037966
2861 1879 739065150
1509 1955 387791367
1600 1168 302191452
2526 226 86744578
575 2713 551719730
4118 2017 465512861
3215 3315 731286302
104 3046 654620898
2322 3606 502441027
1442 2862 866056058
3540 290 465796233
2815 4393 368486173
443 954 341866310
3209 1370 284541712
2278 360 314578351
1564 3512 752647646
3740 4496 747882143
4176 2711 678566212
3780 293 611811830
2593 2942 839926600
4627 3927 441384632
1571 2189 764480497
3045 4318 677578173
2718 3133 827816933
707 3070 942875965
2547 1708 577686181
4573 3038 278740243
2149 1068 648690199
2766 4488 678258079
3100 1966 580824639
2575 2142 494728586
651 3622 666960538
317 1518 517299488
1683 2462 229177687
1807 2417 550237081
2333 3408 686586033
4322 4345 681373589
1663 2501 466939643
372 3956 504206893
3467 3353 253513125
605 1591 871936000
873 1318 543456479
4128 2578 848617484
2293 1490 419276667
2509 1963 615681550
2154 3280 548008003
1645 1299 428594609
3287 1849 429216131
2806 3369 227437621
3739 1025 339047649
3425 1979 537555641
858 728 432808968
530 3069 517972859
4466 1240 568054317
1872 3361 867542431
1325 231 310470846
66 3755 217379107
3441 454 617505719
4391 2335 671144713
3043 3434 337995586
2272 4037 884987073
4450 4228 230648903
338 2190 880065941
2125 1238 777978723
971 1784 855444112
2366 3016 619884681
3082 660 355503786
4614 2614 410197886
4008 3704 501111045
2444 2048 844503652
1002 1861 445073824
4436 1130 771061000
1636 3792 848216672
4050 907 572411259
1911 780 573509611
1947 3818 453162831
2084 1836 669998662
2176 4115 501768866
842 1958 739959058
742 1523 565069314
1226 679 565404179
4362 681 583588437
1274 3967 874313758
26 2257 364531901
475 3389 850475076
1437 1151 572980900
2682 3177 799903179
4276 4299 275757099
3195 2662 369914742
2615 251 587457386
1287 4283 251368288
4437 2387 813045798
2303 466 235023849
362 111 253624673
2227 977 648136923
262 4481 528106145
851 1120 885005485
63 566 811568755
756 400 863658936
2607 2109 625017632
852 1228 337398297
1 48 844174569
3377 2305 215893962
989 3036 769652122
3653 140 225397854
4552 2229 764081651
1967 2525 947425241
1492 3029 334348449
16 208 387748092
346 253 353273477
1392 4027 783279607
333 1238 558934962
969 4416 716413318
644 20 534280341
3520 4295 545018153
420 398 488873638
1634 1311 330826418
2249 1171 538268064
1926 1345 631383603
2883 3592 214026363
370 2458 39703112
2358 4448 157039639
835 4297 505479519
461 2337 365920305
751 1325 270281285
453 1767 404338901
2933 1658 615742922
1472 3484 529069034
4513 1448 457352983
3230 4197 523546161
2988 1702 433242029
2427 655 456440636
2753 3089 961024122
577 3934 441247246
181 2194 902416365
4140 3489 685248993
4565 3177 814798934
2605 3243 427162530
4140 101 774983596
2070 4610 828586595
3406 2546 515976013
1030 3327 219055787
948 1986 436641607
1326 4376 506361077
1031 295 294230487
3813 3380 771125058
1180 235 506904351
2513 1913 628390262
1878 1524 872003331
4587 4022 313007448
2121 3708 873088124
3419 3662 588224846
3517 3962 802884888
310 1586 868633326
2199 4099 249900401
1506 927 509190111
2715 3172 582732145
141 1496 454232918
1113 1318 759133705
2673 191 651464161
4275 2066 450045852
3652 3119 352909133
3510 3619 328082175
2323 3842 464613352
3696 3665 235418334
1347 4205 378852098
352 310 770345025
4339 4325 488522727
114 4494 448475571
474 3405 874946362
1965 4655 841448613
91 4316 592436326
1296 3229 413338413
4571 279 352889843
3860 1426 248582243
3271 2856 661522798
2193 685 811698030
4239 2652 607843980
1801 2429 835795168
2395 255 10695989
1847 2702 468558045
4530 3392 721904437
41 557 866922877
603 4176 444233094
2728 2180 434841908
1869 2278 840223222
1119 993 448931374
1087 4052 234213721
668 230 631351608
4178 4303 460349609
1446 3180 274810646
3009 3016 356018134
2428 4139 265145678
106 1679 405348404
754 4453 534064324
1412 1194 876370834
823 3914 424965067
1403 2301 593984606
131 85 607947964
3165 1553 760921743
2843 3433 458787579
2898 4534 729009790
4120 4447 870740435
2479 3364 226619802
4532 2602 858970283
4328 3881 776293786
1586 4434 589162762
2745 979 677164826
673 3792 284888531
989 3047 142364266
3061 3253 450718498
1915 3023 693399507
567 4378 604730175
4286 7 609827606
948 3586 642145307
4044 4234 886617385
1837 672 746658378
3704 172 794113613
2455 3689 601893283
2220 3229 217332047
2364 924 380051761
3729 2185 558007393
2573 1724 503949572
4300 1560 214142109
1635 812 318524446
2651 1953 453044408
3576 353 273625413
4406 325 787459327
68 3145 325031913
1260 4239 484636782
2228 1710 452912965
3269 1641 834676518
1871 2921 516272007
4567 547 690262887
1140 2497 597771852
3264 2377 543530962
2740 2844 665724388
2950 4040 349126191
4029 2755 287489777
1925 3403 189015892
3799 1294 566068903
898 4512 488153598
575 1876 671663553
1323 1108 861172450
4381 4034 81152688
986 3356 674344840
3711 2080 641812201
3154 813 284960346
1544 1761 269951682
1109 695 693446114
792 3385 228204929
2556 813 279897676
599 3816 757806986
616 2788 504725978
2817 2712 490563534
1743 4038 498379720
3175 1562 236628002
389 1160 310939780
1382 2943 787754445
2680 3661 688103685
3706 1435 622465262
709 2696 245285988
4315 590 551371032
173 2796 772410246
2266 4506 649741625
583 3309 880592413
146 3111 150483042
1221 243 208052979
2158 3623 220895161
3794 1444 712811268
512 3531 563632413
2590 773 540700827
543 2435 868522829
1478 2312 469478442
1701 3252 318420182
2606 3621 736008850
2569 723 476227901
3679 167 590187352
4304 4462 381894116
3529 188 534212189
283 3236 682699962
846 1141 885953320
4607 1550 767557561
430 302 220237184
2256 4528 400815815
104 4057 579570914
1280 1072 732319260
2649 1975 645313373
2135 2466 870652506
2644 2186 587224425
1837 4235 461661665
3240 1531 484326680
4591 4644 343541522
1903 3042 704852056
1229 3413 533931868
2666 2195 389383104
4514 3511 828491424
4510 3676 543546570
1247 3449 443886713
2567 1395 707236727
692 1605 868066233
2853 553 464585801
462 4384 531566218
3250 1435 787391364
2690 3867 389202608
4145 3374 410171138
3278 3538 799768230
4596 2437 886585143
466 1901 323764940
3775 3274 394064731
2419 2994 801928382
3702 1810 436482517
4600 630 729883182
2310 2619 587506126
3095 350 428602787
2843 1678 683621348
1510 4395 786951220
4379 3379 240853269
3824 684 264931999
724 3129 424941653
3077 2887 736445147
3185 2991 686739867
379 2473 829016439
3005 1379 839146276
4144 269 341739127
2236 3620 248221638
320 3259 767612684
3566 3837 764258230
3768 1380 257994691
4092 2694 882836231
4266 2594 782152131
3187 2839 398446114
3405 1684 840393822
1305 1941 885858899
3352 2479 585271916
2204 8 701198772
4164 2591 552445888
4359 1014 598006847
1237 605 579712808
2133 434 433286925
2124 985 482410592
59 3376 289061742
3571 3814 615480361
53 1055 213982387
112 2795 303464669
2212 3640 236704741
4224 654 541218650
4337 1900 216755215
1363 1311 455253164
2508 2735 321842878
3069 1220 670425222
3428 853 299545970
3163 4193 860071377
3046 4441 874521282
2228 3632 721624896
3917 3928 383586681
162 1738 597739143
3130 55 381024082
388 2286 353841050
3789 2399 433098975
334 2215 263051776
1917 980 490450398
3938 1860 276789064
3558 1279 698078257
3522 3994 603885151
2804 3584 212183864
4019 3156 839703850
3720 2178 833369768
2050 2790 387295337
55 3587 506890102
3378 3683 230837024
643 1840 841950202
1652 1765 580339724
3639 3144 358178050
3889 1289 239277917
2442 2510 600205775
3364 1719 553958176
47 1194 373863284
183 3787 730810648
1061 912 318440292
2249 4279 331949578
169 2540 397591127
3347 2264 770408405
3252 834 745369373
2577 83 464392040
1363 2411 502643417
4354 116 378931003
2233 2681 698717902
213 2746 397152843
105 2805 369133281
465 2183 290232574
2432 1266 294568494
2857 2821 761328126
4315 1043 289625281
1610 3655 236794894
1879 3944 758931312
733 3885 996141483
3728 3888 670580478
1084 1933 373675782
4054 4646 854267971
3871 3571 846428933
1058 3609 456101017
4182 1013 512746533
3957 1135 842843574
1101 3713 668023004
1208 2370 270735332
852 2001 432790805
1453 1863 587456980
2728 2158 400562927
88 1970 791766802
923 2285 293377611
1413 4037 786477166
3141 1109 617233221
4149 3724 556059980
2766 1526 415465921
2139 1412 817413227
2397 2842 393756443
889 4148 294878517
2116 2302 721527939
3545 288 778611215
300 4155 391994471
4181 2214 747381670
2310 627 391757807
1945 4492 214255742
2918 680 733382126
167 4084 586779747
2486 3774 426831420
3748 1164 502388647
127 4616 778215135
4476 2319 237486074
2395 1028 568557421
4363 584 807033565
84 4330 739654364
2953 1740 368520055
2665 3759 228711485
706 2642 728748071
909 2730 270160110
4075 621 679817521
1282 2005 871061090
269 1735 281618805
4495 2622 777280370
183 769 349652220
1026 1400 406622342
66 3412 311941596
2995 1370 791716090
2840 1733 487096197
403 3054 412610602
232 3970 340098330
4397 2236 407129964
3272 3111 405054404
3004 2597 664333388
3275 2405 635022681
3340 1547 266440079
2160 1111 555870041
1572 3024 887495364
2232 1327 863539896
4198 1786 647146311
537 2525 321922695
547 2034 683143780
3904 1823 54781672
3595 3379 342151998
1321 2000 526114229
3160 192 331825065
1821 2475 201587604
3407 1493 208654954
561 1867 705180588
3396 3238 417613011
3388 3039 260961624
2835 4006 357737337
2231 191 419148104
632 3983 685015015
1585 4058 209625593
821 647 875842053
3764 3897 418424084
2764 26 653676732
1367 456 519559686
3868 4335 452970551
3011 1793 467813286
1125 4070 777509516
2945 3085 524727073
2963 4545 359537228
1590 4093 355148248
2792 1669 408477257
585 4335 851557267
3497 1944 557588797
4004 798 370332860
2559 1494 401189149
4480 1049 652038381
2164 1102 521259200
2676 4099 319014388
3852 2159 806533651
3956 3878 491942246
2273 4501 154583427
3628 3431 117165069
3098 2747 326031479
4117 284 670799927
3390 966 863862449
3245 1173 822249575
4130 4077 603126373
2767 872 618943158
4211 4300 374530745
3288 735 248433299
1881 3261 862686207
1700 2525 390632128
4041 4078 864961325
74 951 759363394
1626 2226 619821678
1769 2463 884312835
2111 4365 625892334
3991 3512 215698416
49 1715 400752523
1099 339 321964998
3237 1760 620311913
2494 4293 701961110
2021 2650 858406489
1383 3906 578906358
1987 3572 485541845
220 2467 450635853
1417 3098 783189823
4628 1330 962619791
1338 4543 808132240
2123 1739 786375286
1982 3976 356705909
4367 3536 589497346
3370 3608 705711332
2112 4341 809954976
3297 2492 685487182
2585 2898 781900866
569 763 798773409
1277 3778 640100101
1635 1041 566301953
3612 3953 543195283
2672 301 821318620
3479 1179 360549075
2740 2093 789488640
1557 2770 505261839
1402 3085 401039962
1095 4225 591338977
4507 938 734911116
2081 3017 259930934
3856 3335 394358217
23 3592 682889928
679 820 427627341
3485 1218 874710917
3781 1667 441491737
58 2216 387404928
4255 4577 348028639
2238 1547 702002735
2873 656 796795249
2698 4425 193798824
3460 3786 439627400
1375 1904 378654255
1467 2339 374425175
2202 4269 548018630
3420 22 678571138
3616 446 313744092
4361 3924 271084338
54 2085 347428940
1242 282 620570580
3026 919 574081839
2769 1187 633650323
976 4560 883654715
2407 4369 281839930
1201 624 682238771
3236 2746 448465044
3590 3901 412694592
156 3388 650140310
3767 2673 622282908
4075 392 489026697
2805 4580 703258568
736 3359 664208425
2496 2439 213498610
2928 291 816203816
4529 4380 328481236
4468 3443 636590925
3569 1289 341098830
1905 3473 228268286
899 1130 343769964
704 1357 555953065
1676 1927 784714618
237 1105 516341255
1961 4393 401773941
1449 2174 329197594
560 4313 781047895
3322 1561 528487657
105 4327 617475024
1670 3242 409068706
2078 4152 286840905
3632 1024 664355294
2668 1699 356498716
1672 3604 330056390
4180 4212 606037371
562 97 725170331
3164 3122 430876444
3751 1016 687001584
4337 3264 468438523
3279 2347 338602046
1188 3150 231315725
2722 1599 315339984
1817 3819 186195678
350 1057 364974441
4066 2496 704009302
1706 742 260246937
3220 2572 646668591
1233 3692 865222527
3260 3620 400602880
4601 2456 700555005
3439 4358 586971789
1357 4574 820014709
451 2033 877890253
2610 2822 606805742
426 2083 675612756
1604 1831 550670261
3981 4299 430862799
4011 3027 524425417
3270 2647 380576012
3956 785 433580809
2491 3636 641863228
660 3749 501263926
2553 3103 306005628
1499 2407 890664780
4478 3613 842548358
1725 572 644976151
160 2043 747485741
2591 1693 384463082
3733 158 980520092
2906 3894 693445635
3672 3410 716249268
972 3757 553263952
871 2866 109616299
3873 3544 549357074
2865 3467 548836928
3663 2537 275592797
1503 3732 246734198
1340 4627 155517615
151 990 409306611
3139 992 637995962
4410 2732 654964363
1843 2749 166498353
1994 2370 462009548
2627 1171 750214744
1089 1997 226795682
1185 3229 362347427
1710 653 690049659
3932 4544 457515037
2571 236 598314528
4218 732 570787741
1742 3121 433115913
792 1877 697101973
3337 3507 619365263
3378 177 723589642
4306 2419 683459949
4403 565 670899232
1943 2516 235066354
2529 3256 234316107
3714 748 376349182
1309 3876 839000421
2357 1997 759749433
3060 2124 523493590
3919 3795 691390206
537 4080 313820405
842 2443 835998033
1442 2351 651266150
3902 1373 551715640
3710 3368 830501635
178 2719 815025916
3832 3857 507929135
285 224 438783761
2674 2475 262546392
2301 4260 174184166
3971 2190 783237069
1086 2951 209217171
1875 4284 287588169
113 2934 833369341
2905 329 741901503
2552 1033 857079064
1366 4210 427374555
3538 2174 242714628
4002 2010 103597146
1998 3602 369156753
1002 1402 478719010
595 3894 327515111
4100 4503 455706627
2575 1596 301859996
1181 4169 608825705
4204 2682 772042344
2029 2624 614577925
633 123 345806579
2296 3440 562620410
4534 4655 252227971
11 3904 554083129
3978 2917 708697728
4434 2505 401822247
1756 3142 448117803
2064 4293 536568051
2421 2906 458879554
829 1763 701177707
3785 506 494457744
4536 1801 791543579
278 1721 537430215
3601 3995 443378567
4162 171 333387762
4206 2474 552934220
3200 1052 226464811
3523 4657 625404963
818 1790 731222535
1469 4094 548095470
1332 2586 639675712
2637 570 618015553
2406 440 265886355
268 3012 541616122
903 3922 382046957
1371 2275 451517164
2724 4347 600569425
1923 2845 619396533
122 291 885852619
1467 3179 471386851
2828 265 942823388
3093 2348 381599103
838 1185 308195120
9 3326 507865540
4592 1358 576402257
3116 525 368210155
1589 2721 774826179
4078 4608 407553963
1868 2846 289024550
2772 2147 677916300
263 4450 680812325
215 3991 229919200
2258 740 698968846
4030 1870 249758519
2541 2410 686266134
4561 771 796016287
1602 2146 597110558
2768 3358 988346905
2852 4018 360447392
1616 1108 556458854
111 3936 716938126
2996 499 435431072
591 3069 153064949
2901 961 675966410
1351 3064 359210967
4009 3169 326028203
970 3167 700031815
3205 532 610258115
962 4649 450603782
130 2889 679922388
4514 1062 331896677
2002 4581 481852937
1283 3695 632489838
64 3709 887704810
1391 2345 271306643
2007 3821 249872043
1178 438 426127457
1783 1376 758529140
505 1188 450796178
2603 520 692363748
3285 2558 768363511
3846 3068 848266848
2832 566 205722025
1037 859 557313336
2667 816 515880353
1957 535 400793281
670 1032 852502865
1980 2886 850947599
2219 3808 151766291
2230 3756 889409762
3713 121 428219096
3019 3719 863220240
2909 1298 755067941
3402 430 680594297
1927 4045 623630988
2565 1913 231191286
696 219 448212565
3242 2699 754308465
1193 1260 517425274
4264 3942 300757705
3255 1716 503822408
1239 1726 775348975
4127 2849 646997609
1468 3284 255865738
4630 2985 681501936
870 4611 258214846
4101 2768 356469000
2538 2309 859018832
3391 2687 421554168
633 1297 603747389
3932 1637 485363316
3291 2598 389257013
2948 4416 291279128
4472 4240 438081108
2576 2434 651693264
2182 528 779196010
2564 996 561274873
1711 2581 516817604
1181 3071 331955084
799 4571 658899168
1832 943 250684490
2177 1638 851415604
3073 1955 305109143
1218 702 743024454
4452 132 491882711
2106 935 518363248
4231 1650 275692444
4325 3509 513523355
404 1157 575693808
3985 749 232208132
4638 2384 586225241
3372 982 283779490
3248 828 380527477
3491 4232 247787834
1416 647 331484242
2448 3834 485352422
841 4613 32220022
328 2664 696326806
4191 464 236244715
1546 3028 559254884
2504 2401 448314088
1401 4288 691032922
3493 3415 633646849
52 4064 226792045
1079 2496 276650229
3842 1219 491165007
3080 109 561387406
2927 436 771934717
4576 3758 550726682
3929 2685 272433252
64 3395 591216677
61 4499 416289561
1905 2483 559258551
4372 2891 812869756
1808 4152 229005866
4634 2777 652989696
490 4191 808566147
2764 1150 736782402
4522 4184 504343999
3623 4264 536171372
4310 3753 349305551
3952 1352 890123282
4560 2987 443481943
2481 3207 467183996
253 4188 123816085
2248 519 537225388
1862 768 294981200
2395 3149 290927793
3019 1889 666534209
1129 870 631094438
608 4552 432728436
4254 848 872295904
3166 4031 535846942
1762 3858 604679775
2241 4459 297592935
854 3960 627278148
2803 2476 664473925
889 1010 632996104
2303 4223 684634907
1841 4572 712303506
2852 3649 378038412
700 373 515117049
3224 1970 752843545
3174 1131 797676828
3958 2131 466962744
993 3446 640214035
2235 1584 238594118
2167 3345 294693152
1746 1315 293272525
4440 2039 833067676
1700 1667 661772340
49 1752 540961991
4272 1810 276901589
1210 4332 757746017
3790 2379 290597095
562 2781 563763005
4589 3947 542412564
4562 2663 818455797
203 3964 538993909
2573 198 465090554
459 3926 487250244
631 4556 662968281
4403 2100 929537696
3788 1359 273409324
2759 224 320426788
1759 1242 482303639
144 2102 779668158
3453 4187 690528488
3268 377 580325736
815 1486 287236180
1316 2820 309831656
3811 753 404374845
3052 2493 701435111
1781 2281 439677530
2696 3615 294458695
3306 2461 213826116
3893 1673 235965079
3318 1303 742371770
3526 3088 617643335
2990 2457 226225342
2589 2841 496755401
1948 1244 528481077
3498 1236 871016396
4559 1777 269945478
515 3526 659674186
4408 635 482792495
2145 2948 879682300
32 4535 773041948
3688 4079 806837129
1761 458 295575525
1008 1639 448011537
4372 4015 473919773
1928 995 408301879
4039 3536 609785490
2742 1270 272182631
1701 1656 314447164
3678 736 266892269
3514 3822 450918355
3726 2983 540468739
2851 3349 361712856
1785 38 809844266
3442 1324 989117815
2584 457 799928639
3032 1490 639934148
4502 2072 952612206
1556 1964 810721691
2593 4321 352519587
2909 1603 502259705
3458 3284 683977571
955 3028 299011706
710 4108 871838309
2576 1858 505806491
3360 401 96625307
2449 3411 726017185
4233 3192 400925332
2645 2284 567375444
1541 4650 572455196
2484 220 443357505
2960 487 219426773
4472 3840 771380920
2635 1084 866841315
4105 1960 661597020
396 84 291798192
854 438 765906723
4404 3075 761296397
1919 3208 756462698
46 4228 666719752
4325 558 596697321
2577 408 476473491
648 2838 212195124
501 1724 261205977
587 1725 431465102
2873 3583 696982162
333 3695 303190516
1330 1378 70816109
1471 1866 762649113
644 571 287696915
864 3610 377116418
2821 2599 777926710
376 280 530440248
2616 3712 653919858
3387 1623 884490602
332 893 507112787
4557 1359 548782356
2623 4458 178185926
3970 968 336171854
3513 1436 351863290
2530 4019 464460426
4533 4020 605125616
2307 3742 867838237
3116 856 523581486
303 1427 657510520
3480 1592 708100793
4157 3293 91848911
4460 2362 662429719
1458 4397 466807713
1243 1365 864515400
3766 2356 754112536
3982 2043 764966012
4539 195 363706190
2993 1433 647933926
4089 3646 839462363
3751 2741 504488031
1327 2050 867788888
2914 3959 791432600
4467 3913 613883577
250 3054 216039824
3127 4261 747868226
1094 4305 448732257
624 2467 209882448
4285 2245 232342879
3365 2262 580226761
2047 1256 478148257
43 2509 711657370
299 4313 282358365
1868 809 776415217
2026 1587 314843245
2709 2312 563753324
625 986 597948952
2222 4267 282232030
1209 3932 680236697
486 596 652041094
4064 3065 231891743
3693 3308 893470605
1486 3049 740343610
3232 119 837550462
1151 3021 480873115
950 2893 753384088
1158 4045 522889827
1267 3235 765304785
3174 3401 878594355
1934 1842 587584389
3992 3800 328244857
4109 3580 597033997
1638 1692 320538775
3668 3876 712653893
2826 1883 554559285
666 3901 440390369
3002 1584 853794279
1541 2447 694830160
1187 529 448683800
2321 1568 562251769
2736 3871 821303696
4632 50 516472716
654 3745 994821944
896 1455 562316929
4528 2647 707008642
4086 15 289132427
3869 1048 246695524
1922 1483 251953351
2097 822 499854158
2429 2793 702457121
667 2081 537844395
1140 1141 704431353
1932 4389 688336247
1809 1987 740577858
1540 4310 470403190
479 3512 468016565
1783 4486 342698241
3282 1736 843919050
3337 4053 702549241
85 2450 477182077
3510 4548 489386625
3118 867 892827048
1127 2700 29882391
3372 604 660127030
3403 3694 691656881
2937 154 258536566
3326 1946 201338812
4398 3409 210753339
914 2205 385596388
3452 3188 935508416
3262 49 214967249
2207 1564 40791459
57 3290 456941536
2331 3017 209456743
2016 3501 231131076
602 1556 266073477
3643 48 465316748
998 821 741183164
1374 3993 458872615
3172 941 368280322
2123 2045 859658802
2528 2065 831768398
1521 2329 592858267
2325 3292 218478069
1632 4318 455319279
1772 3330 764766780
468 3256 537279095
1249 4174 888486593
3737 134 716530408
2732 905 766965840
1288 1137 510482755
3305 3564 886130918
2197 776 684845654
2810 2946 678594642
2807 952 640027331
4317 2585 359200884
2119 4543 404739923
1209 4598 287612070
2810 3466 764840640
1979 3527 586403048
3269 2007 525839521
1794 3903 598996513
1558 1722 100809119
4225 516 644992310
676 3341 768152189
761 2848 427817896
2023 3725 247983187
2026 1440 381208793
260 1942 818053769
627 4132 618322277
3672 3300 212502013
3596 233 841019043
1644 489 412438813
1985 1400 421460067
1481 122 487689232
4343 811 245037950
1658 1534 440544051
1872 1539 138499733
3734 1544 764158617
2612 1845 525214436
631 63 592807423
3308 1479 488697891
4333 503 292192198
3108 2701 630220303
2220 2972 240196307
2354 917 823776003
2603 2464 564460342
3822 2792 243867756
3534 1603 677067051
1077 840 872292825
610 3096 702578041
1552 2816 598065140
3855 3394 513163600
1583 2739 892957862
3243 2869 458992073
4032 2655 979707249
1118 4461 780887340
1123 4622 360353477
3943 3426 236775058
3521 921 499465828
2350 2545 483341201
2169 562 575586697
2266 3483 270801224
2858 3171 737308897
2402 3292 292666637
1368 13 832576825
2293 2803 471332265
1024 3568 626774849
3462 549 240821941
1836 1375 468277064
4097 4169 259786788
3084 4482 784885086
3380 2863 637168131
1654 2481 667869299
2687 4096 306580401
2110 2661 822586844
715 3577 238303095
4142 261 309137706
2797 3789 600871646
3875 3115 465077115
2551 4083 550586958
467 2557 559657194
1688 2182 362464810
3741 2648 359804614
2104 4616 429561970
2338 4181 247708324
1522 3823 254531025
2452 1367 886013103
2899 2425 527172733
4124 3696 800461711
4591 1677 344813657
3112 1462 500577169
3730 1797 699629387
707 3685 802602106
1579 1022 670184723
2811 2168 719261692
1775 4189 577462364
126 3300 583417579
463 2347 502539842
368 1304 861293870
2571 3018 699578409
3857 2698 674166033
774 1262 284140676
3649 1633 430093223
1729 2772 259916513
2471 2039 430570465
874 3783 146422934
732 3760 398539018
3367 1170 473658764
848 242 52394203
1350 1208 497244545
145 563 562138610
3247 3551 393591090
559 4218 526608798
2999 2101 886456588
3952 708 652411504
3812 4497 822496444
724 3728 749317977
2699 1425 635171957
625 2215 495403480
2550 3647 663302592
2660 3626 466384175
4235 1981 321103903
759 2697 364185321
4123 1202 309178408
1239 4643 659751121
3845 2620 660928756
1447 2262 641015664
1215 3311 340525995
3949 3441 639596542
3131 916 435311438
1972 1269 323159414
4150 614 578020977
4063 4073 668467987
4098 1551 394080530
836 984 316002366
4178 1428 358440115
2327 2626 299694815
2091 2625 765900072
4137 3566 565039851
2383 3234 212794066
1167 3333 855562602
4258 1377 636194953
949 1075 254413005
3479 2129 877530272
3223 109 220849879
3153 2328 238470240
3301 669 838249033
2793 1395 371014946
636 1703 481228641
3851 1598 494611313
2222 509 695494424
1943 1954 770261875
1010 1048 598609539
1664 4078 769181556
2986 536 302017651
1116 5 329143800
599 2804 779428355
1426 4219 343188775
510 3651 448247896
3396 1268 861462940
2122 1710 859341404
4597 4276 406892932
1300 2237 785768939
3220 4134 839628701
338 3974 883584395
4210 1785 488813799
209 2089 299469148
3613 58 370476758
2738 595 287110665
4065 69 874855287
2817 2344 599864053
246 1191 875774011
3578 4400 485588370
2583 1446 863755551
2490 3158 764621819
2822 1996 241208339
3022 65 511971539
1407 1173 290008808
245 4520 746624604
4179 2060 247706785
1077 3506 588275688
35 802 796896830
2367 3691 131214093
385 3398 305400218
81 2067 331926703
2812 1632 460947060
3841 316 233646878
795 51 662647935
74 4284 417530896
4479 808 387463721
1817 3318 684131414
240 1504 848693968
470 185 358887696
3831 1329 275092791
1362 1245 172072174
1388 819 211714569
777 1278 583405886
2400 1800 367595077
4413 3988 483578649
176 3037 996506906
513 2332 839446135
4346 581 550797214
537 1566 768971249
705 4008 322038685
3655 2253 223679540
1261 4220 657144058
346 39 598765490
124 4097 819029612
2532 2214 329125584
3827 2042 611481464
3096 1624 234904943
4647 1994 480629517
1253 3586 671345186
3087 1704 783998240
2459 1894 593376375
3212 2995 569883042
4475 30 766128713
1786 422 334744847
2377 814 460495246
3537 1217 684357509
3711 3244 622655969
245 469 737031101
4255 843 734443067
1595 3776 388130731
3471 1465 63687124
59 2366 487258448
1355 2886 276234246
2998 1399 708305785
1466 2771 606440976
3850 4342 572903162
1764 2819 681313969
4249 2367 567560213
4431 4247 232277079
2231 1921 747113883
3053 3834 370007573
1706 4477 320539491
3277 1516 720543621
839 100 813484476
4570 3082 334580597
2461 640 518194943
1487 491 889048391
3216 2238 441650251
738 2686 856950007
2132 3536 836579567
945 542 802772097
3516 1366 332142742
103 2758 691924250
745 4446 591504664
3430 1933 693562018
2932 1523 793365533
1799 1073 467203772
371 3999 713597986
3298 1796 48426078
396 1233 790835737
3053 4509 852742501
4154 2868 766007158
3942 1108 772660682
1814 4291 344801968
2692 2820 753679094
4568 3698 244910154
3933 3040 335241963
1 2423 464911423
1005 3039 550859638
1534 1685 645828304
2285 2695 394014854
1918 2500 619855566
3951 741 706112724
2014 4620 262263515
2195 2630 651473331
88 3332 411395274
1217 321 761420199
1040 4261 711237703
1489 1344 650396457
3066 4016 370698244
2332 4054 483962285
4226 766 230579385
3381 1919 567097991
4178 344 708444025
2399 2317 734748164
328 2736 784133455
3809 3617 265979130
4231 708 682973485
178 3079 353277502
2658 1930 611090519
280 4626 713202342
1990 4417 753068040
2904 2758 387718339
4648 4504 513590843
1376 4197 832488176
882 1778 375732554
4156 911 768993136
1902 4050 649371588
651 2962 575668450
1293 2254 271629006
949 3844 478074550
3509 4147 361410020
3747 3482 708153352
1430 3905 547654899
3464 637 579565928
3026 1460 548274115
2568 878 94385403
4248 2316 260226488
1241 3520 352095378
804 1641 661720813
3995 2557 229930041
1693 3363 457029368
2083 1772 370103656
4368 3186 545498120
2258 2368 240567205
2971 4489 361413616
3296 3685 597269082
3302 866 267999816
4445 4207 905952590
1304 2949 696179982
3556 2176 632121713
665 2626 328725449
1648 1520 303251580
4554 3603 640505532
3812 1094 608901083
632 1343 853020857
1977 1886 254510534
429 3565 547043204
1121 4301 929476940
3692 2334 807451542
410 3263 721731222
1295 1830 548400732
2038 4081 677489242
3674 3795 654425048
3386 409 300909936
306 203 246333257
1711 2514 351239317
4172 967 250821018
1512 2515 731937092
1328 2032 624153721
3716 141 789357152
4001 416 106751684
1904 2144 458241572
2931 670 609235191
165 2488 366864894
1296 2103 339301519
546 2643 393634665
2762 2407 368820152
780 2798 885114587
1548 1030 534093746
2731 4515 580337439
3773 4429 630057564
3814 3138 417587866
3348 998 739465851
2133 3625 372961123
3361 680 671547096
1083 1324 888104687
2590 1222 629480982
2314 961 815443820
2287 619 434352986
4287 230 211394288
1890 3712 413493482
3018 912 246233068
1365 1731 637294770
3682 4447 699880962
4308 1302 675890523
4640 123 351703528
1294 229 884674543
3216 659 837146171
1735 4343 719683462
4256 1652 389531210
3837 1915 249954558
2130 1879 615709413
4296 3722 710480393
1543 3621 341350962
4048 4332 557441069
4175 3459 590583928
3448 4344 765614828
4199 4550 248460053
2441 2285 650411605
2309 2352 385354428
2720 849 382052266
4128 990 522050519
828 2488 592242146
2389 406 323051040
4139 1881 875728920
931 3218 540327370
2520 35 776861049
3504 1443 479598996
309 264 712436996
953 2896 770660739
1950 2019 433495639
420 29 596731511
4089 1694 296096012
831 2157 424255022
2521 663 571731262
2255 2175 800625502
1159 3710 759840063
1719 2932 470873770
2628 3175 500117649
3110 1611 674219009
942 421 830002915
2697 494 342631230
2243 4030 221814579
3288 2062 224264635
3607 1304 520427967
1766 3425 291396587
552 2411 427867965
4403 3661 556976296
1521 1914 356880382
1252 4475 841133117
110 1176 928217845
1453 4067 274909489
2840 2867 636641914
3729 4516 237457787
3821 3810 504384967
594 3985 681974995
44 4091 540978643
2639 1290 857627378
1155 1095 493311565
1862 2171 765048556
4265 2317 369301156
116 3791 451236413
3791 3981 685056156
695 3816 797149245
3561 2499 430544649
163 4469 503015393
1128 1360 619093597
1206 369 829060679
1995 423 795826034
622 853 371910755
374 4480 514529196
4585 386 405737726
2884 225 853933960
1900 4144 305899425
2267 641 605504100
4485 710 270344155
3430 2717 115885625
3921 4539 258727695
452 3137 399601938
3975 164 866124866
2878 1334 493512947
4356 1504 604064106
2385 3661 803087796
3149 1078 875931332
3579 4385 261545175
4206 4312 325183196
3743 2003 522030521
3748 3636 279097123
1559 2162 370285373
2088 2045 479208900
1676 623 428402879
4460 60 568110582
1813 2827 754390572
108 2030 886796973
1418 3909 697764874
1877 460 540976856
3887 2472 605526797
1450 4387 220960336
106 1931 833196085
1600 612 703192489
4577 1497 428774090
758 4599 376868615
11 4104 623896048
3657 1405 689750864
2240 1614 350950947
3328 3025 487741436
1544 1045 73938495
946 2239 403646966
4111 3319 693659041
3459 955 869759757
1802 775 224607236
289 3168 569456695
1702 2038 818909857
719 2108 771754601
704 3136 713105510
1570 2280 323312529
3717 1941 796581546
3820 2844 602988954
323 3673 350975478
2894 2813 831200357
3973 4216 452605130
4360 3382 603323163
273 3731 781155832
2916 110 704050240
634 3401 729608640
4589 3171 880136267
1575 3143 863357693
2363 1315 512978266
1569 1237 843012435
2002 2489 880510503
972 3550 885215049
2095 567 356871812
3148 3217 822875190
755 1052 443078025
2761 3588 370615749
881 3190 862722515
3310 4656 308697005
3896 1011 366338527
2221 1495 736208560
3192 2188 482631204
924 1484 415976050
2203 3817 717590994
688 3186 487651431
38 497 299358618
2102 2055 335266168
2994 3014 787319082
2225 2731 422499278
865 3340 242888185
1488 4658 320776473
3423 4608 614422120
3368 4085 596000826
4034 2952 733559939
1415 3611 475812927
1917 3760 708823006
3941 3642 384974711
1671 1283 819665031
3914 3034 618129789
4629 3450 585420576
3427 4010 759191412
4236 1753 660611961
462 1046 271638060
2203 2448 793408694
2907 929 665329214
185 1723 230178254
2096 3527 461664478
785 249 809968335
2826 3605 539426713
1838 1496 804275766
1247 4579 392948434
3185 3176 706602425
1009 3495 442786903
749 3050 702625340
2089 1818 395026284
2400 1313 443476822
1301 535 492186969
2015 3253 525064523
3669 2477 793214550
867 2989 933224455
2666 3541 609746017
1297 3431 637142264
3966 4524 374515894
4614 2277 401651035
699 1345 462808772
3972 2461 432028835
2019 1709 313281536
4572 2640 886387950
3015 2223 429374950
4392 3233 213521466
1374 843 659646851
4154 387 759501811
2641 516 658147728
212 17 829293752
3826 3351 863321535
4121 2360 570439667
279 4229 773474401
392 2955 878829714
447 550 652251964
3176 3603 335374317
3961 3653 309873030
4004 1961 378293404
3829 4111 802925162
2963 3530 708372166
1597 2089 301283546
2839 422 596122809
3062 574 286373570
837 1694 723008360
2519 2430 467061224
2295 1707 812058387
234 1256 372745863
2173 2191 365103728
1770 3615 429719707
1497 1459 692382885
4080 1069 555363733
4238 414 549769411
3979 4057 343391004
2549 2750 657011514
925 3913 710208570
184 4442 242176828
578 1499 912638399
1070 3137 171924321
4601 934 646663384
2440 1822 613193576
974 3889 412110908
3457 2341 84118472
4202 2825 780412958
3276 4470 305678530
412 2744 327226766
1139 2277 514254835
2398 3765 279932542
150 4383 783899552
2275 3003 209887531
2937 727 879798672
611 2516 500635766
4165 4499 679919399
1842 1527 842994529
4100 2586 390817081
443 3348 710461391
3502 3228 450214505
349 2259 540996727
2689 1892 794885209
2451 1578 509845433
1493 3916 483174094
1175 3025 627892691
44 3411 734844031
655 2197 248394442
1120 2794 541454988
1515 2755 482991697
4133 2726 301751529
1593 2985 369965452
4406 1345 679879537
470 3955 546012163
1272 1089 308532914
801 4259 811455116
296 1414 464963750
4451 1513 670320344
3654 2975 26606120
508 325 224214271
1471 2476 800457818
3186 4545 859400872
1254 1476 550727169
3544 2252 235025142
4134 3111 524368769
1661 1832 558709003
3611 1090 660754144
752 3390 815930254
3541 2610 715535547
963 2617 535191479
3072 4527 331803423
4024 2384 658777578
1890 577 660126656
1993 2403 615845160
3298 3429 880356212
652 275 488567963
757 4378 817166726
2468 4147 692210984
3118 3457 462566345
4035 3658 583743236
521 666 349226984
3671 2535 880006822
3518 956 652230652
3417 1148 243532937
2106 693 612662529
2872 3093 402972207
817 1244 240497724
3719 1110 867920537
2427 2179 400508825
1630 2398 493520502
3094 2054 419407025
877 3893 488315245
2554 4640 701394960
23 3558 299604919
1628 2870 342359197
2211 3287 375206969
2126 4009 417647480
4481 933 352652824
1630 4208 241152645
3210 3055 645653275
4583 641 389928995
701 4196 305711564
1378 1795 377357780
635 4482 744442026
2279 1143 377677970
4160 779 384892934
3313 2299 374784507
2864 1422 766648287
2080 4547 698796887
4357 1069 212745076
3434 3761 284217004
3817 2072 385248131
4445 743 672374670
427 2972 857237302
1574 2357 356931042
3891 516 878915997
989 3647 359054102
2314 1551 660517744
4302 808 832522700
1431 3997 246314499
2556 1748 650296310
412 371 656646654
4117 4003 394296809
683 3456 562083855
4465 4259 606000808
2881 594 416000187
2781 4620 544104882
4386 83 578856320
4431 2191 405457119
3900 226 733044602
832 626 598112471
3758 3000 245638075
2024 1908 776018871
514 1750 695949250
3874 4213 497759384
1252 1152 824729473
4068 1517 809408553
2608 697 699047784
2754 4126 890730347
69 4633 536335041
590 140 438170775
1258 1262 593899434
1355 31 585472592
4661 1620 893110134
1815 4384 380908133
1929 2884 559026169
1212 519 460704144
1872 940 854482382
270 1170 872472644
4490 4609 286146688
2466 2485 585799801
4017 3955 810400323
40 4521 507664536
2354 1117 772362101
2530 4547 241904798
3060 1157 724820354
994 1421 361353467
816 3059 517929311
586 1144 719413897
3043 3674 511225948
992 3266 808854258
1565 3996 725907019
1356 2449 358843576
1854 1158 819059407
1609 1002 266654093
2263 1232 581062985
148 703 514491509
1431 1602 840635787
4116 2107 754299226
2118 1580 725877318
2748 2701 11355011
4537 3132 745870226
3517 946 570901336
1117 4486 651783599
1482 3242 243613908
3638 2926 552275784
3650 3833 628652993
314 1559 616358809
1861 3389 553311703
3421 3629 729810581
1565 2944 425047803
4010 3202 525306633
996 4523 707874182
4573 1895 710183941
4114 2910 491071454
3511 1348 877842624
1748 46 891980785
4160 400 332613133
1928 3552 248680765
1159 357 852295938
4465 964 229167875
2202 4091 249950820
981 917 364220435
1901 2292 444025433
1081 2412 467186284
1888 1889 636761449
2974 337 515925903
4464 4036 783690375
2919 4524 804441728
607 2150 261985548
3890 817 723672313
2482 2092 379606612
2851 1672 470646693
2986 2323 208795214
2907 2878 712420954
672 2642 553774803
2003 2157 551619922
4553 3196 841415870
1792 1526 749295476
2930 4049 305771724
4507 92 334304439
2787 791 509041802
1498 1659 426378939
3820 267 901962297
1660 1360 791175634
3289 4072 844983615
1220 920 580766767
4146 1920 553980298
189 3423 355652856
3138 3677 875205946
307 4420 409199413
1952 945 463810036
608 1444 818449640
15 930 698334221
3746 3338 775565923
2152 2373 600815148
3530 3836 603665828
4604 2545 574658253
142 1651 513153864
3899 3334 736345965
2256 2076 267425373
1728 2376 325929487
199 2506 738355950
2516 4509 371006906
2669 2483 570128869
1615 1624 730947989
298 3830 626063428
404 1358 563933817
1199 2120 348496137
3631 491 500797361
3707 3883 754293521
4190 1689 224879842
82 3365 885044534
266 1854 777957177
2418 2742 639737446
4405 361 61675622
1230 2990 364901402
1938 3192 803103113
872 4 228475996
3920 1763 309076356
983 1753 460271537
507 4246 498060654
2030 876 544275940
1085 2872 458991943
3209 1819 416597615
4088 1865 863965919
2646 1711 905871099
1851 1463 788615766
3733 2997 666642898
699 1542 612214856
1776 2948 293548620
628 3153 853338200
3480 4252 648680241
1142 1155 298947491
3808 2506 437361443
1056 2760 297331870
3410 57 353688713
2958 1510 344841102
439 3363 388529631
4462 225 227693488
387 3641 916569875
1382 1657 352096564
1804 3289 496278270
484 1471 239001033
3554 4283 466994838
3105 2433 429685596
1545 2320 18529999
1058 2768 780638251
2077 2953 565670829
274 458 649558651
4287 4164 553521451
790 1722 229796354
4056 987 306662147
465 3277 815040692
1770 4634 419798875
606 4405 799332628
18 2957 292394133
3101 4601 936721704
2596 3867 696423896
699 767 859731656
3 512 326476601
232 381 279991721
1575 726 446545696
1465 526 785912920
399 285 832796638
221 3612 231240568
918 987 82460961
1824 3864 686090083
2098 702 432374343
2031 2226 217786816
4637 1292 520865201
3798 3074 570981363
343 2247 302407752
1991 1606 293268255
322 4272 249516392
1611 356 543942966
3498 673 879384717
554 2824 425214404
2580 1614 738615123
4039 2025 849275311
1806 1336 397718445
1628 2052 713082430
2864 3788 653429220
3648 964 210569695
2605 891 771333864
530 3839 747376594
2927 1090 804187271
3567 2489 431549937
3781 4512 883967675
3616 471 590799402
3648 4055 718515313
1887 1491 473484908
1020 3063 673749325
4442 3852 222468072
1166 3883 700449460
1224 2650 330221919
43 3444 386456537
329 1308 770313139
2818 318 340638744
3581 4018 964234917
3540 829 634044298
3041 3869 830665958
1196 3805 493414663
397 1123 432246638
767 2156 330932868
4540 112 523865018
1749 403 813205877
4030 902 412466278
2253 609 877896111
2849 249 642323118
1299 90 816189803
3294 1010 109820061
2533 908 588421553
1475 1876 666585629
3699 4406 683467494
2895 3629 874149057
129 997 168126510
1587 901 315556399
3375 4296 702081551
1081 440 282447925
4629 4446 535624409
1025 3801 683537955
155 1748 661925570
4305 292 660268767
3062 882 321425085
2547 4107 595733614
2703 4273 421761720
661 3170 676655401
4194 4599 442344902
2597 715 337979241
2920 2058 290027734
1320 3744 445152774
3226 3319 612806815
3862 50 244406368
3583 4427 528989637
4449 2280 330566689
4373 389 337020705
1588 187 349215911
478 2171 299580658
3563 181 209219021
3350 4402 307817895
500 99 614556972
744 4280 461126574
3766 2232 431634620
1246 4470 695940479
200 438 278578888
3606 3535 697647326
260 2390 650056444
2743 864 387098983
1848 3783 335772320
3776 3568 793535905
1205 924 864896862
1004 3078 266397433
1280 2493 472727296
4141 1878 342182683
4383 1121 222784665
3468 2015 663232788
4162 3158 868961266
214 3829 605131877
1003 875 805176410
3362 4489 379708359
1346 3683 346667094
1606 2316 601781681
1991 2166 519387121
4275 3438 837569492
846 3007 409665833
677 2463 661098709
955 3258 773343658
1507 2947 531257624
978 3800 361744632
2628 1535 281874099
2074 3801 320206603
315 3500 384922730
2522 2092 645268981
845 3027 703845330
2310 560 720903638
4151 2850 251231390
824 3068 221322556
3112 1114 233517598
2330 4304 517831931
538 3145 303953914
4244 2154 374832920
1024 4370 781957853
3679 1984 531006061
2653 3321 288716145
2378 3948 661878814
3635 4366 808827753
2261 134 808475218
1528 4068 234905186
2909 2235 421985729
4429 2136 388430790
424 1377 264233972
1172 3906 574920478
1403 1168 487687835
2456 3230 303586331
2750 2978 261956589
205 4330 746244849
2540 4158 511564693
1074 1167 858384848
3565 24 593004409
539 437 638354555
2073 2477 61818398
3642 1681 212890308
125 4044 611573448
372 4652 658870795
3462 3771 241762593
274 3490 584091492
1704 981 860665120
1398 2380 681293051
1179 3785 247884239
1935 1004 305323548
2147 4069 549500336
908 776 698223870
4171 3717 828227239
131 4394 328671510
1571 3830 566790943
2380 3591 427822236
4166 1908 598107695
868 2998 599225175
1293 3031 763606223
4416 3807 491586432
1705 1570 229687697
926 2401 472226862
663 2474 871723713
1409 1525 444472848
3006 4338 310456289
2956 3357 724362587
797 2922 517283036
642 4364 464492662
4564 252 619676065
819 4312 843883113
593 266 458507727
4268 2763 552901681
1333 1988 670354880
2668 1314 108465832
4214 4635 843949078
3885 1282 713934622
369 1384 214240644
2306 3008 885688756
3316 2141 380380665
474 522 249274480
1213 4537 769458607
3954 3373 504942322
3764 3407 557161346
2137 2088 534914430
3127 4024 664936193
855 4395 881315009
1405 925 815481568
1577 3036 850589014
3117 4437 104076758
332 2490 877388711
2697 4471 597637893
3686 3607 197398544
2797 129 565564839
545 1401 384500987
1277 3273 346027023
1227 593 584030982
645 647 751489186
2594 2388 736274653
4479 2780 263893571
1519 410 881197855
218 3888 562336577
3690 2786 677732964
3075 3656 337187879
3929 3865 446055287
3255 4525 688548204
2259 4336 851344848
1323 3198 748379014
488 2390 289049820
3128 3278 719988397
1061 3669 259539722
451 4038 464289669
984 716 503572500
454 754 427105528
4294 1121 776797127
3305 2636 619081008
4023 876 854899244
1618 2950 234176231
3454 2478 818179340
391 2307 328746916
295 4522 803582887
721 1541 517458273
341 1250 619805702
1027 658 354357745
1605 1907 713885578
4607 1687 265277372
3290 153 507709630
3796 4112 240019708
3741 1998 749986434
2940 3703 648761265
1053 2397 354300877
2426 3596 332760146
892 3114 723524809
2779 1185 230437261
4227 2631 676038617
2485 956 785383454
2297 343 581846691
211 13 219644211
2099 3147 248133760
51 1317 508922795
371 2071 918978566
4185 9 469421487
3272 4526 723646746
3123 1686 857100291
4281 3351 651785345
886 3754 244098269
497 4082 307874866
542 4386 321427953
1183 830 351123246
1429 612 440199563
1362 2321 400306506
1473 1437 436936904
1199 3980 455710154
4172 812 374664596
1752 556 797028824
3081 3823 106979682
1696 1145 297369666
1538 2363 884388129
2083 3323 417604111
98 4440 821005502
511 3915 353647183
1379 2682 530332131
3437 3464 291856107
3073 3644 711125506
3493 3491 414267271
90 2761 712337355
1549 2926 379206720
2270 4263 816373487
2598 3397 657603672
1060 4473 554383791
3357 4280 515608411
3307 1515 514620747
2755 4554 209484508
783 2361 584129722
4521 3436 884798981
1622 2767 299844679
1966 1759 741022726
3432 1273 861519852
4122 1017 334207204
4005 4016 608955985
799 557 647064955
3589 4184 681648605
3818 42 330669237
1349 723 826976455
3196 4180 328431078
336 3451 736952038
1626 2810 332420135
3044 1154 759713666
3989 3393 846288766
4432 1665 875367544
2714 1219 707095050
3957 3233 291617995
737 1896 857423074
897 2924 597782510
3113 4135 585619447
3184 3637 742172621
721 1695 782913167
1115 932 342135664
4043 2574 788231819
481 309 631616687
1352 2747 385586855
3676 2324 691772741
3495 3964 863117459
135 2624 664825857
3250 667 607606252
2982 2057 669561619
797 1201 360039961
2503 2876 292954970
3092 1195 823493115
3216 4046 385796043
1758 3022 561662275
1738 3438 635681097
3700 2658 598138687
3723 247 478430120
2304 1354 872004565
1721 3301 660516157
4148 2064 396309674
3013 3782 523639586
6 4407 662460415
550 3675 292467243
66 4153 616546922
2121 1924 411678243
138 2894 241624039
1369 729 538007298
1166 4351 820635720
649 1241 729620083
3409 2678 309116489
1234 2713 681331934
2225 4135 497097414
960 4360 542165250
2930 1506 329873952
1127 3370 821429573
354 151 784734099
800 3599 543623654
2796 469 450143841
3938 4409 418671358
2075 1332 749025655
2378 3761 757353610
1398 2806 599307823
3532 239 152292197
3373 114 498247947
3720 2334 755594225
282 2875 431298047
788 4525 810130271
778 1745 212556348
4256 2058 879975800
3245 2432 449297424
4369 4176 637448710
1845 2771 503742995
1480 2960 676219090
148 3627 438353854
887 2665 826727770
1856 2186 209494857
4076 4593 612695846
3875 674 393373555
2782 2880 849748301
3625 3843 245913994
1789 966 224317103
3561 3099 573374762
1224 1441 435848005
4654 1636 803223078
2371 166 603336010
3698 4096 413540857
2018 2086 345761476
999 1467 725210274
3355 3825 890877164
2493 3352 595209247
319 1487 976537421
2838 33 559318459
4320 3210 483503853
1816 1477 804197980
3824 3897 591898432
2325 2786 693015625
4076 2596 608335239
3163 2460 860205135
4288 2634 702778156
2774 281 146567254
3246 4253 16591329
541 228 378856664
3866 2775 878683292
2195 2271 69960017
340 1322 252084835
2372 564 304812796
1331 4028 891895752
241 3291 655033825
1136 747 642924933
293 3635 680630823
1639 3555 673129493
589 219 864535253
493 857 673731841
2587 2745 236622263
3537 4461 483439183
175 137 488013272
1100 2939 329637630
4551 1827 572331340
3607 2404 691314775
967 1028 359685584
4458 4594 466865779
863 1888 483548879
4475 3487 681385473
3436 4349 418604773
1826 1929 356317213
159 1092 328966983
3597 2114 175071185
4491 634 267058849
1906 4519 562712693
2657 4428 568849662
447 3793 9624493
3152 3148 860585480
2326 3472 292006256
2541 482 887965454
4263 787 345341518
764 486 574843466
1329 1573 803832912
215 1249 483417780
2079 3547 698499265
1850 1666 655185881
3061 1601 328920178
2445 1536 833276521
3437 179 251047654
399 2146 323584422
1709 1186 532215975
3943 904 330183179
1882 3910 866098597
4388 377 420080134
4424 1161 809926669
1212 570 324780791
3744 1096 404382534
1937 1815 251005254
371 239 482172416
216 1500 677277793
2892 1416 655390839
359 3460 389959943
4594 2520 798959788
2879 4212 794716964
4297 4277 723520891
442 265 347091696
765 130 846129690
2609 1655 250871449
770 456 644117498
4014 4234 545400271
669 640 863217797
108 2633 300261408
889 1751 688611464
3953 2785 468489008
3312 716 385354659
3409 2708 244031292
1000 3404 583338581
1884 3367 318600481
1883 4587 734160192
4405 3838 817186289
549 3023 224575393
3841 4555 747872079
939 2922 676417721
1631 4278 401354679
1113 1977 590580538
2497 2599 540082993
418 3282 508552896
2582 2335 751263969
3126 2666 424729401
1458 2264 357968417
4185 3601 593432446
2807 1973 434939800
3686 730 703445211
1389 2008 728049392
1555 2172 717450278
385 3105 861483368
1149 2715 720335229
1270 1976 334004737
1112 188 782389681
4378 3463 362723741
3986 3767 799399347
78 4270 801470797
1453 3806 679783345
3545 4452 608163806
3334 1211 643534333
2784 4127 775819763
71 393 823629991
1279 3727 438621042
1822 1873 421057702
3703 455 390099255
2098 3241 679537669
3050 2078 695519173
4224 1271 695210080
2311 450 767695598
523 3260 574265255
4170 4215 248747597
2170 1690 719783480
2825 1043 775915834
2785 1729 737311618
600 2396 301834940
100 2508 885857975
2680 2417 237061670
4327 4419 177517327
2069 2006 791025418
4623 3593 403778575
1433 4092 609601630
2211 4461 717872594
1447 3977 499934423
3543 2859 724629011
772 826 434419806
1351 910 473463383
3656 2841 658123855
3813 1819 460799590
2375 1346 505372263
2683 271 386097091
3959 4060 833479160
452 744 390607796
3191 2566 210374791
2588 3714 437298565
1474 472 727505323
2109 2622 660892774
2706 3255 785119867
994 24 679278839
2789 1920 250524897
2800 3473 607157512
3554 3654 788049663
149 2297 741903254
1532 4234 836235753
4597 3470 619240620
12 3051 505217415
475 2216 351310087
2397 3783 582929948
4226 959 614529831
1492 47 639908041
3784 3362 785046761
2554 4438 236608072
713 3903 668022768
482 1050 611530906
4027 1419 770797268
2324 1893 745492266
1982 1333 329960868
4279 1464 773273320
3531 2853 839817287
2097 1996 695363076
1371 164 823541034
4375 2303 589109600
869 383 513381632
1713 4600 470396912
3254 642 208274175
3979 1747 890522964
2288 65 604530204
1454 3386 709829213
957 3672 317036323
963 880 480384770
2652 1708 392612424
459 1184 853472337
1391 2097 697829448
3600 3582 621186186
2118 731 499944428
2579 807 607150195
3377 861 435923607
4055 3161 668280271
1895 1307 670280058
1493 2973 310688856
3886 193 580092529
4240 1867 857008942
447 244 872950701
4107 3202 384930976
1597 1424 334538940
527 974 272546520
2269 3518 358248685
3088 2895 519227487
2562 3549 319865427
3874 4361 250531775
4151 1276 734914474
2855 2915 375453549
4237 524 864160545
204 3687 270808346
3344 1190 695436400
4491 2840 673593779
1275 3038 752299567
1380 692 827358094
4187 1472 520139107
3273 3227 704182759
162 735 438569062
884 449 463621821
3477 3422 715288205
4221 258 685432788
2286 4014 688823997
62 4584 372166929
2343 4061 794460477
2733 494 450170716
3458 4012 313645984
3954 2094 745891304
4119 2012 567565267
1200 3846 401963515
276 1017 229565425
2104 152 429716302
4430 2452 563716707
2966 4271 318199241
2382 2734 690829423
387 2096 838276869
3212 3660 604435661
4159 1633 789701831
3505 247 629150005
4627 3987 270305587
3521 1138 270487773
4095 4633 18869540
353 4002 747369453
4266 2678 476998399
648 2077 224293963
2198 3690 623676931
4242 17 631075436
14 99 736413045
3567 1784 489491879
3563 4503 549665744
124 1335 650943610
1684 940 814435987
4088 534 517713199
3853 4087 580686232
718 1390 135499896
3499 1454 794600065
3271 135 613649796
408 844 535830829
4580 1066 377039979
2519 347 755199899
1610 4174 504475263
1291 499 760639021
1757 3140 326392406
3996 503 749165657
2478 1134 747939045
1697 1943 337069929
2870 3752 455378870
3930 4195 421202902
602 2094 820633623
1255 237 56257372
1916 237 614656931
433 1051 633900746
1531 154 233427177
3303 2977 873516838
1474 3574 812553569
1949 3675 802074274
1139 2874 269528767
3402 3682 491710918
2864 1909 319876013
2914 4609 253687729
3958 762 610361038
4013 3994 479738160
2961 179 61831377
1102 4209 667675511
3918 4334 273162262
834 2242 429210568
4041 1154 312396673
2308 4581 284731671
1193 4426 235061810
3139 3110 234413348
4120 118 374767241
4314 4579 822310574
1276 806 432665494
3589 355 460567669
2382 2632 874196527
1804 1596 850081839
1704 2885 591614798
904 4454 551884029
2196 3146 512283341
2205 3466 766554784
1364 1928 19403346
3454 246 443478602
1480 4040 306700147
2346 3866 924988900
3619 4159 408682288
2042 2997 615066321
2668 1182 271963959
3020 722 227284105
1064 1709 69333989
1592 3775 672289934
1766 4292 644511029
2110 3488 609762722
1233 794 683274646
2224 1161 421342020
3113 3820 606493036
216 1647 836112417
1500 4042 664187045
2955 1182 881695380
2729 747 324004768
2025 4364 358587225
4329 3295 247057004
3899 4268 595468298
2065 3936 723977726
1319 681 548135462
3546 2465 740189007
4367 4351 804577562
1771 103 383675974
2355 1831 521716057
4114 3578 577201334
2880 351 687479601
762 3214 570190667
144 298 671255481
1399 4391 522082819
1625 3972 208827852
4198 3633 368780852
4267 2791 315094782
3490 2688 298326508
1530 841 843273729
4056 3259 467671878
4438 4216 651066714
3333 3835 422497004
1387 3154 588102920
2897 2265 839803780
4542 4435 736800105
4079 937 869862089
272 1882 791980253
3919 383 480601179
2656 3338 278836783
3539 910 878611351
2153 2082 886860913
3156 243 293296708
1478 3125 347399731
2336 3091 328282394
4119 4540 232938226
629 4335 805885100
3969 2267 586018232
2701 753 240494576
2763 433 553313945
1595 378 271451724
205 3884 219423820
1803 3882 815224973
615 3222 829188436
3168 1507 615543767
2319 4289 620366187
1181 149 525010376
3135 4570 759833089
3950 120 882633342
208 2353 570018050
969 1385 418789990
3336 1068 264187417
1522 3911 835756317
91 1615 749229001
270 1588 347107541
3461 2790 594560477
3435 3296 609295692
2523 2386 583773000
4625 1091 697156199
1604 3624 801395364
4033 3887 467822732
1560 2823 372215865
3913 1696 694053677
3733 4273 482330465
685 1627 467894351
1859 1210 776596642
1059 1326 338046180
1744 927 662565938
4404 235 565875918
3832 1513 296330569
1369 1076 370249996
444 3769 683298463
1764 2904 513024000
3316 1413 862031377
4406 3721 945919569
102 1912 289213994
2168 1896 842103178
1612 1259 597367288
3848 213 555509783
2486 1617 825552553
973 1544 467351902
1268 4061 347698327
1254 3765 218571050
304 2223 219228946
1501 394 618355751
3199 3697 416063967
2958 3850 635456223
3444 3862 809126532
4366 4042 569512791
712 2723 406583557
2085 405 533051538
2148 1671 815074236
4199 2970 891762620
1898 2635 349886854
3275 4373 639682178
3199 1112 278480104
1789 1188 823561850
4518 2175 246551279
982 2210 224564533
4177 4109 439394705
1604 3413 336670940
1021 3771 405672127
540 4574 645435970
3828 845 715703681
228 1049 863680355
1649 1184 238550954
4427 551 377302044
166 760 383863294
3959 1012 456715198
2060 4262 795968171
362 4253 642619424
2538 2061 247792192
2534 3302 684971396
75 1107 310882960
2181 217 348080408
1831 3080 570767495
1934 3468 749778478
686 2431 475916845
3803 4454 538339517
2854 4624 50081685
1039 4270 558067491
1871 4415 869421627
3950 3539 604429223
4158 2426 574534565
2576 1394 364263104
4311 2665 499571736
565 3872 763791061
711 2409 457254052
2446 873 248845544
3010 3918 479390954
3575 1714 413108232
2507 96 703666848
1248 2808 504000698
3057 3895 642203109
2760 568 260014813
115 152 337325756
2318 2344 514309588
386 439 314584321
1405 4411 268148491
3522 3992 521931415
1438 529 260037339
2263 4077 250523482
3772 2879 368082486
445 772 842670578
1910 2904 468573022
419 2209 781394820
2925 2004 371598839
4639 1892 210535790
3640 607 865481839
3254 147 129025779
1543 1774 517594621
373 1512 217694067
2913 738 234627234
1015 2734 333590104
181 4017 807405447
4124 1361 238527653
1129 3753 840308562
962 1042 493596831
1930 2261 755621524
1169 3077 739313111
4527 2230 665511257
3845 2563 813984983
4606 4578 521318490
4173 3134 827785701
3650 4290 297866853
1204 284 50203148
2468 4610 649088176
546 4410 630751989
1429 2472 457548754
1965 4464 301289601
806 1372 515226412
3965 855 609427610
2281 2723 369574140
2587 2846 270249623
3341 4590 323802364
2756 1841 470187201
2878 1590 507584180
2184 2679 423340978
3608 3097 374192750
4163 2980 394634787
1503 3803 268838872
1251 268 869534527
4457 3206 733280198
185 3055 501130505
1974 3394 629407348
201 2075 427615405
556 2800 709636812
2679 1828 552459208
3911 3128 701556933
2695 2011 339250656
3387 2149 623251463
2135 3412 703647947
2618 1896 792701936
3164 3890 814878847
3166 1585 608812195
275 1331 821791947
2404 1918 785191413
168 2811 419765596
2984 4031 870846924
3200 1529 271402558
3226 583 233609239
77 3861 513013703
126 222 775660583
273 2675 512338506
1281 3559 853015762
4102 1207 662644745
1222 1973 341367784
4298 288 598454773
2086 3910 364637438
582 1063 768684367
2391 29 228162500
2201 3576 752685118
871 1629 532709451
1885 1000 223444882
184 3905 795919590
955 4355 578190776
2664 1722 256825543
1183 1211 518192551
2889 2037 774359704
3376 3875 662390297
378 903 710002573
3056 2164 650214436
4588 287 51349383
1104 4387 512925232
4179 3190 345227088
1622 3443 361359603
2756 1809 660137934
3722 3528 591616727
2308 1830 497246471
391 2099 869392500
3292 107 840550425
11 2654 860310913
2974 3643 815928362
3486 2980 761999407
824 884 344378841
571 2572 714060623
3637 711 601592370
1445 922 336048359
2780 2617 454251096
2315 4021 720829263
2008 3752 268905629
2128 3939 403665688
523 4574 858815737
4532 1740 286763358
2202 3083 445398954
2256 492 365915943
4088 2627 464350017
2900 4638 600842648
1835 2672 618214462
1232 2861 595931419
768 674 329647598
3870 3604 582142402
1514 900 330769434
4644 4013 484950424
352 725 389098643
2032 1549 306020012
2315 1906 392322474
4336 2933 565609895
3769 1432 560572483
360 1550 816250334
2431 1714 555704174
4609 1107 781439144
1986 3483 731564885
4083 4407 623683957
1022 3109 425637233
1034 2542 275234298
4400 2592 781085322
1178 3870 251684761
2935 472 659748984
2973 3587 460059670
4230 4016 183471678
3960 358 308480251
61 4069 338070925
1044 1330 620262490
4582 1097 863270726
2521 1750 873311601
4309 1833 696337545
2983 3011 529420108
1768 3931 333143361
4390 2140 654981311
2734 2561 289567739
2570 426 595672516
646 1696 888665782
3892 3074 885922703
621 4602 441676936
646 326 562224612
3072 370 656112722
2074 2670 484599401
3681 1638 484905302
3508 4319 310884527
1911 3057 325519875
3058 3143 252174779
3139 2725 984449446
1424 2240 686098452
3406 1717 503611887
317 3092 814426459
1791 1691 598248581
588 175 299397114
2009 2201 777056348
2625 16 851158367
3162 4651 636981248
3554 1265 664566070
2684 3777 564489319
2628 3001 295332033
2621 2023 804836119
1843 2274 631404045
4422 2990 677239786
2443 1196 512322467
4470 2017 399836117
1177 1020 656366089
3267 4379 700374080
3477 2510 574277218
3779 2328 694237441
4307 233 407548719
3951 3456 392261534
4637 3934 588423608
3482 195 570231097
988 1023 566754447
947 25 748668516
4659 4168 439906303
2845 1771 520321221
700 2229 718253987
3332 518 457707058
2911 2250 634635376
2422 2709 248759812
4617 1573 659433851
796 1579 556766233
1016 2164 490635612
3410 544 912079578
2868 3304 826020235
1487 4344 257867615
4082 3638 565662907
3235 2543 865882985
1153 4308 947165948
45 2710 302063127
1528 517 728611064
851 1288 484669500
314 1438 699140192
163 2744 770084480
3882 1779 216404769
4070 411 746720176
2013 3366 727983891
3193 3335 511792990
3670 1465 685753391
1627 3279 303219551
883 738 303321613
656 2063 326029738
4519 601 102806668
1860 377 777035897
2580 4131 294831649
2159 1960 571891258
2537 4334 253468326
638 2376 503380062
4495 3809 856314099
553 2105 303804321
1440 2244 461151456
2359 4559 756414160
1079 2834 302207703
4122 689 605474414
4165 4642 582588879
3469 1849 221766193
3010 657 884494436
2942 2722 374067740
4413 2860 511376105
4141 2018 856249608
2432 3106 760830057
357 1146 519913321
3428 4052 851256536
461 4471 477253498
2794 862 797328880
580 2935 751635781
4563 3002 745018030
2550 1354 387460167
2260 800 241810069
3311 253 574901515
1348 284 459965513
2751 2999 510020546
2601 2854 239323675
1737 2440 681899023
2639 4636 320210403
218 2498 477791324
4412 2631 781100294
2582 330 294805389
2921 2028 321238499
4566 3689 755360299
337 2919 504081561
2831 1272 97043477
2971 763 452729849
3419 3125 280982096
3974 1538 539584359
2966 1031 316998998
2067 2298 209506666
508 2062 387961486
4145 1414 812665384
2527 1791 879483351
1640 1844 856693947
2777 888 653552626
2013 689 463895582
4059 765 526176771
2101 3353 855935365
2677 3206 430279618
2988 170 484179944
1508 4511 673448619
2113 2185 552849538
1221 340 785211706
3189 3811 384149647
3496 342 251763545
3270 2170 381130188
2379 1162 539662182
1654 871 521491644
4108 1553 855400670
2788 1519 443252561
1075 3481 706444326
2712 1969 276232211
1450 86 716675055
1817 3014 853026032
1742 80 425910054
4659 4356 882579663
2799 196 380062690
4208 791 380584058
1730 1067 736201483
4186 3227 749768808
3076 2548 279041179
4066 3417 573317058
1744 322 381608692
2667 1909 680813054
2138 4621 154678195
2743 3582 578101607
3165 3998 525111695
4469 3223 777627720
2574 3086 373343121
1674 3709 888446375
415 4576 718047888
2206 1712 735060663
865 1057 389297496
793 1397 589088070
2138 760 486139019
238 611 611918463
2967 1461 387425009
2274 1971 856608205
3933 2726 868426107
169 2374 647763805
4401 2140 314481493
2536 512 919580791
3173 463 846076480
3197 326 301770573
3940 3949 964358995
2127 2063 246591270
2192 4166 509176258
1846 3446 529621967
2155 3191 456725734
3680 4648 446623518
73 1411 760857246
1874 2436 591342026
3965 365 615336958
3724 4582 530894818
3784 2501 213955215
2383 2037 622414855
1350 3049 264640788
3863 2524 335848833
3326 3356 522087256
3385 1134 441536495
4156 1864 608334392
1829 2299 882499122
2184 1582 651182530
3375 2708 289083347
4118 1104 754949661
226 3281 345287414
3398 4005 659199939
4437 473 354452824
2181 626 249772634
1396 3736 454281376
3849 623 860093487
3790 1887 420013961
3274 2313 225963754
893 3896 678739809
4476 2583 429146856
1922 3418 846899534
2130 4565 728001217
2706 4412 685575378
3968 437 339579492
3487 448 488496477
398 2408 785273382
2529 801 333819588
204 4432 262290433
3723 68 214575436
231 2539 341111952
3540 1848 645154161
4192 1619 278661267
3570 4477 402375246
1632 1054 525107496
1040 1540 657158220
139 2286 69409015
3501 3547 340494584
1707 3935 702610643
1640 2224 798933869
2313 4250 721611709
3756 931 364820654
2133 3886 829100194
4377 1205 556358374
946 194 814719932
4630 3544 349314791
3251 2358 851251395
833 1495 309874492
4392 3930 270867213
3205 3219 774226439
713 3738 316847259
1681 3268 547310473
2908 1591 526208268
2869 2027 459797285
2690 1514 881282086
517 1601 371303353
2993 1978 649801892
898 4417 801938439
182 3042 593802286
435 4131 162487194
427 3618 714629238
2451 3307 483601649
364 1689 477051293
3961 20 616155762
4374 1842 814228895
4314 1898 721528506
1794 3314 834267288
3863 3998 710993801
60 3359 575332662
3157 348 690447428
2885 1103 576033224
1621 1856 538940861
4265 115 863997377
1788 2890 529815950
2107 971 347990070
1018 4590 102958040
894 1466 852761672
2375 4473 618145467
1339 4247 695876496
1226 2614 704262605
4317 278 404751168
467 888 856504899
1284 521 683774303
3349 1087 847915826
2119 2140 569126122
4324 4506 352075273
3923 2702 664751586
4519 2548 703870292
1922 678 632082321
388 671 741110587
366 1826 814245479
3439 2693 743409810
464 4632 435784390
2589 3320 594356910
3403 592 613957928
4631 1342 407056781
4599 1404 379348936
2532 2409 826356205
2041 3640 40016531
1073 4157 563567565
2457 3513 680715038
615 2964 136351506
2367 693 665468495
510 1286 372664019
1533 4564 567060150
589 56 244905222
1834 2000 868919907
2639 4493 784141619
2029 471 391928007
4631 4251 627614492
1297 1653 328597421
867 4033 654959094
2105 1621 354559556
3593 671 549465507
190 1873 591990001
64 36 540048890
3740 2330 447233528
89 3329 282845439
837 4533 813812850
4439 1313 543975446
3908 2053 607363337
4186 3239 381866095
1477 2615 566950840
1524 3238 686815167
2504 2415 128388776
933 1957 229284347
657 3474 462591069
1866 1569 655863562
2657 1859 441500487
1483 2218 281538742
2290 2517 738636286
3726 931 458266705
50 2068 370886299
2534 344 449195488
3838 1874 548836320
2480 348 511626213
3499 142 405197834
2447 3225 713244414
2836 4048 929025582
2282 2053 437544585
2045 1439 662343850
1231 336 512773110
2049 2590 545447289
4353 3505 632445222
4007 393 485712691
1231 3557 244497880
2941 3336 324298960
2784 2779 415460240
1623 4153 506208608
1106 2340 710128898
3354 82 659780158
1881 2290 331995192
1937 3371 417819930
746 283 165336616
37 2977 884746649
2295 258 678329119
1813 3289 466389341
927 3342 137874534
4217 1271 365888220
417 1643 659580944
4588 1891 435755622
1662 659 408862371
436 2578 755641037
1223 3122 634578399
382 4130 407609556
1295 2358 317534742
761 717 654883839
1552 4021 476889763
804 19 754257586
2783 1536 733882812
662 4058 337329723
1983 1047 480572393
1985 3917 606630493
189 1037 544977552
895 1760 653243786
1745 190 737238838
1067 2996 667808707
4549 209 242538612
1680 2041 82822408
441 2492 667586981
798 941 764669131
4382 923 277601582
4138 745 804026048
2169 1457 824296540
1568 2752 738064996
1527 2939 424417165
3309 2929 359762401
4146 2632 415275635
1668 699 230750369
2289 1361 312085692
1240 2200 613022841
4245 4043 520600134
2570 2566 683863101
4167 4536 476399054
3982 2505 820621112
1335 3064 689338282
3299 3106 809197827
3528 1008 250907383
192 308 658521040
2301 2121 667522235
2500 1697 441775358
3323 2296 526369196
2237 53 848163113
2773 4348 683802382
2095 2396 796556144
1051 4408 278238324
2938 1464 623478306
3549 3003 304447389
4104 312 869445810
4385 3854 603885895
3844 2854 824227624
3142 609 466933423
2602 4484 604967735
4484 1336 716316189
1423 2947 682122110
1344 4331 441692310
4 70 503860386
3286 2814 772146646
4402 197 259919822
916 223 266417617
1162 27 746506556
500 331 685849293
4487 3180 855069264
3420 1557 250322655
1795 3012 342667836
1372 2327 235014677
1744 2871 692853231
1470 4602 402656118
183 541 589043611
202 987 515018583
748 3694 786878005
4413 1007 641397363
1256 3285 368906537
3436 95 374784897
1736 2304 431691263
2239 2862 553212981
1192 696 708337759
3395 2049 265314022
1940 4531 658508575
198 4246 285447596
3782 2014 710853094
2473 4562 823379756
1390 4658 631188913
229 2084 264751272
3697 1975 560383123
102 2435 521983900
1798 184 611854487
2393 296 209633449
3534 576 222993140
2629 1135 860563791
2691 4085 233190439
478 4541 802703289
1033 4647 865719368
2609 2072 631184985
2968 1264 730416761
3008 2645 523393379
4585 3718 598965120
1248 1428 673953582
108 1235 468467794
402 4006 597128424
3148 3859 218518961
1078 543 474426479
3465 936 437222254
4626 1955 665204097
2273 2704 570697001
2150 1404 533575434
3144 3178 472072568
2282 227 377177023
4529 3507 243008085
3908 3228 368485208
342 2729 461416715
1243 1720 256053609
2969 2759 295562687
2454 1871 661164543
3847 1469 864098376
4063 490 817676208
2227 1953 442584795
2837 1127 823477646
3827 1147 468728906
1482 2773 548226234
4257 2386 875115362
734 174 558813669
4034 2122 719724748
697 1425 806611689
3341 3455 211181467
915 3322 863454403
311 3058 681593613
1459 3400 472889763
1728 263 429443211
4547 2115 583542844
2562 1258 629883218
4183 141 448534971
4269 1642 644115555
4643 3059 320489072
687 3297 502345490
2138 1431 374738729
3602 2888 765646614
3664 2666 668803575
292 1781 661423222
3421 915 695144419
2538 2641 756736357
3880 2208 428490708
2857 2514 454768720
424 3377 661618055
2917 1053 241139009
4394 4603 409285131
3029 3828 720072263
4459 1420 456574281
3478 3977 435706918
1021 1505 855946510
2117 3663 503586438
1567 4163 887719760
947 4420 585770141
93 1441 635283790
4380 425 970371819
552 4051 824332798
4322 899 850489527
4222 3000 574889782
2311 4399 226658969
4660 1190 320381738
2419 4190 514871165
1820 4025 227765363
2148 2938 442859020
1250 1797 812143851
1341 697 539143267
1720 1174 551543716
2209 3231 636469387
1192 1519 385447006
3476 1891 761847445
2234 2848 281751298
2212 2698 247811331
3895 1215 564494761
4001 1059 474340760
1537 2421 255564262
2374 4189 760353667
2073 3542 587506552
3006 3757 585060529
3188 4221 229406279
1992 4280 936032809
409 2949 367117563
2349 752 440426598
4487 2649 696560506
3392 2669 548955607
161 582 572789408
3921 2373 525593527
2513 573 642767400
1287 4238 284221407
1149 1631 446193477
3063 4289 622690191
3705 1119 378559700
531 3797 820108843
1072 4639 615131672
531 1452 383606782
2791 2234 809222184
205 2172 478718130
526 1972 699309675
1147 4213 585956513
1718 1470 288075887
1971 3747 583590497
6 628 869908673
4161 2865 436047306
1165 4619 265113641
3391 406 224972898
1829 1013 323729349
3945 3862 170309197
476 3508 834857187
778 214 722905013
999 4652 801042630
847 551 174864329
2109 262 496834736
2009 477 590459472
3133 248 744764383
2608 305 519232161
4112 4347 597165175
2863 3999 369877775
1392 2437 485015103
4106 1306 535144947
2545 1827 612964526
406 2757 567591274
1456 1611 191553871
3684 4136 323835667
457 3975 444559552
573 4243 554447056
784 3351 521164228
1216 3665 642295254
1347 2273 775189332
1281 4625 348529722
3492 976 644138993
3701 257 684025439
2739 3393 432524258
4638 720 164652858
2600 3162 129162612
2294 1851 813956572
3848 2410 530250910
3885 1758 589966806
1714 787 718297718
417 514 690386750
3762 2145 676588517
2577 3327 761980623
827 4257 147066826
835 2561 690615234
1625 756 312371503
2568 4195 332666758
705 1080 384295582
3645 1824 884730738
3119 3472 866469921
4396 345 387627633
3355 1894 265203881
533 1172 502610956
1480 4483 570837127
3463 2167 480222957
848 1062 562258149
506 3044 268214799
930 1338 855247246
145 505 532590867
2951 3804 464385305
3890 413 483412875
2337 2908 514822743
1620 2160 239498705
709 2016 525283888
1056 28 880620950
4523 3639 551608017
4546 4561 282716095
3915 3350 592145079
1508 334 724777001
2438 427 775367850
2217 2970 607008609
4538 3840 401788222
4474 2531 285459326
755 728 465908581
528 1321 386740615
3971 975 423003200
1041 1110 640220964
1754 3564 375501807
2422 4253 395215010
4244 4286 889378209
1869 598 822057001
1968 4557 665933798
1408 775 429552734
1855 2482 347599573
3240 2051 783326154
564 86 757546585
1505 2024 505166365
1995 2057 219733866
1713 3265 615308494
3730 177 368888525
2059 1698 634325354
2365 1756 851195675
297 2860 258632719
2892 3030 873362134
2183 1699 389799579
4595 3170 261941993
1080 476 625133936
4615 2334 83858583
2912 3721 140097
4209 4274 267650478
1495 2595 973296710
3283 154 46807002
1261 423 437911325
381 3802 419933778
4396 3416 554759584
110 2957 412305407
2028 1727 209364614
1782 622 828733604
2720 1368 728509177
3135 4331 629459244
524 3067 428143179
1598 4596 412404521
1899 265 504847842
4037 4192 447204860
1096 2173 862530544
4449 2199 853856943
679 1516 556702904
4606 4590 614356167
3266 929 580636275
27 501 811805039
2813 1629 664298203
2381 743 703853009
3241 2459 376372637
3215 3831 371976334
2469 4522 840664341
515 4167 545897148
2 2929 688324762
3673 1384 634751221
1607 3383 210759006
1963 3257 718365808
3484 1983 822173874
19 877 764886860
323 3808 339227000
161 1583 380960257
2260 4569 775392871
1312 3621 265327739
2494 1618 665443394
3659 1190 58774072
4229 1452 609272410
3183 2237 299623305
4201 1790 337071819
1537 2691 671190587
335 753 195394246
3147 261 482512068
3701 2901 811162558
4050 3853 239244766
275 3667 37194749
3381 199 887325881
4055 1793 240063099
3224 2815 516246844
2369 498 150311902
3503 766 691507371
2941 2552 403959334
2637 2524 244228970
160 3525 583088265
3219 56 764421521
3989 70 262952556
1023 3102 651109698
2563 3097 565418365
1502 1148 680141953
3984 3001 273036027
316 3360 571483603
4428 4327 267421995
2420 2047 677444357
1593 4649 426503724
1197 593 805890767
831 586 838806998
2816 3208 792577239
576 3734 287502666
1189 3278 158233746
3937 2418 574828466
678 1273 668232198
3324 3665 500201753
222 2987 609538033
2124 4350 334104056
1990 652 316312130
4258 4357 414448771
4203 4241 333518043
777 3907 410055260
2705 1055 464068216
1916 4246 790853522
286 2837 361373934
555 1585 410361064
1705 3738 389285789
2686 4433 475541612
4022 3680 377274744
1303 1651 760890673
402 617 585656588
2056 2084 301104328
3743 345 611052226
4232 1561 683663228
2436 1893 549967573
3291 1683 563305366
248 4329 351400442
2783 1923 208155285
356 682 784300595
579 2968 470565778
795 3732 805897638
561 4474 219151450
1765 3178 255107984
153 4000 309076261
2433 210 429912287
3329 4023 312019797
10 1731 536302246
4142 2351 525049305
511 1337 681439690
2360 2391 410364410
4354 498 838136600
3427 2967 598269956
1727 2499 234660298
3901 1410 565482122
771 3331 343551555
3497 4657 846080152
3308 4026 894671199
509 559 387510076
3854 2487 682719830
3533 826 651040883
2992 3702 766931541
2022 2331 445417158
657 3184 634011157
1932 3188 834198991
1787 3811 691185771
1924 1122 526358154
1792 4342 790304512
3864 2789 499459528
1803 1267 713714287
3399 3254 687276998
243 4508 842989199
1408 196 769647383
31 1825 997799401
1768 2638 554752796
455 299 846134756
1661 2923 809220984
3553 3009 779871562
1919 2683 658587488
3972 2020 10218319
4424 3123 741506660
2621 1749 341567155
2925 4429 442789142
2798 513 320252961
2924 3021 258120902
2143 1978 870004404
473 2022 287453644
876 913 697589319
380 1848 367402734
4542 4646 664353789
2569 3193 677819880
3935 3605 629358377
2268 1726 491257617
1146 4513 607714272
1292 306 852831571
3668 2326 840946365
1520 1802 468336979
330 4423 309088484
3494 793 700350092
1101 3477 378054141
1195 4610 357346656
3622 2447 547472229
40 598 699503706
363 3799 871828526
1529 3907 765500227
676 3312 331421026
3769 1388 303681733
3881 2685 518884879
1122 836 208204170
850 909 245496091
592 654 574971539
3344 96 386660691
2320 4629 882435847
4414 3265 717802892
850 3045 822934396
1853 3686 176347645
522 4102 251216729
3693 4660 717256442
143 2684 811472847
3152 2644 873662120
1031 2394 794574134
3983 2992 656400050
1 1436 392174006
2035 3476 624362858
2660 2206 297776625
1272 414 670693215
2093 1373 408821270
4094 684 242243709
2291 3339 804018381
2243 4290 581170837
4414 2905 861415702
4065 4171 825387342
3963 2830 823068401
