300 300
89 103 90 192 36 236 82 245 265 257 6 120 91 167 278 124 293 18 251 145 216 134 271 221 242 31 72 147 173 209 132 272 95 66 94 261 144 106 123 37 26 232 29 287 161 119 286 112 205 298 275 52 222 168 233 65 73 122 8 78 220 13 266 139 190 131 40 226 102 154 30 163 24 267 229 76 58 225 114 79 70 92 67 75 227 282 288 294 96 263 270 207 249 200 42 55 186 51 49 1 113 160 240 295 260 100 88 111 169 291 97 247 230 165 215 299 170 189 219 268 135 166 86 140 262 159 48 231 269 197 23 21 211 244 228 297 218 10 277 20 238 44 279 33 50 196 250 32 243 136 175 194 61 290 84 246 7 116 80 157 53 126 47 17 183 149 258 188 5 201 184 203 178 117 35 187 127 172 137 107 69 14 74 27 276 109 182 248 152 171 19 121 3 223 115 62 158 4 155 83 214 191 156 273 180 281 93 81 241 98 181 38 202 213 274 204 22 153 234 108 54 59 128 141 296 34 254 87 46 64 28 11 16 292 283 185 77 206 129 289 259 56 224 174 130 217 118 15 162 9 125 195 255 212 142 210 199 43 239 105 235 85 148 150 300 164 151 60 68 143 176 177 284 253 101 264 57 45 71 110 179 198 39 41 25 285 99 252 237 256 280 193 208 12 2 146 63 138 104 133 
1 69 273 96 127
1 168 295 252 288
2 14 86 32 40
2 79 221 192 197
1 192 262 226 253
2 33 228 110 202
1 31 258 128 153
2 4 190 31 101
1 127 291 234 278
1 46 186 56 81
1 9 294 104 210
1 12 249 34 95
1 36 291 174 240
1 34 299 89 275
2 19 289 64 65
2 3 282 70 168
2 35 205 85 94
1 19 264 67 260
2 161 267 163 184
2 27 252 110 162
1 30 215 79 185
2 19 245 57 182
2 28 276 206 240
1 112 246 137 235
1 19 229 85 181
1 12 181 34 124
1 117 284 152 249
1 61 260 76 142
1 120 296 156 157
2 7 286 202 236
2 82 299 198 287
1 86 209 110 199
1 28 140 41 73
1 71 221 133 215
2 61 297 107 200
2 69 158 75 143
1 115 271 143 186
2 87 241 96 167
1 136 276 155 247
2 115 284 192 227
1 21 185 156 180
2 93 277 225 262
1 152 282 176 234
2 101 268 145 216
2 20 179 120 130
2 15 106 29 83
2 12 207 144 173
2 6 288 102 255
2 171 294 245 268
2 2 228 118 166
1 26 226 58 79
2 2 298 81 199
2 3 209 10 86
1 17 294 245 262
1 19 274 174 229
1 96 280 110 236
1 36 207 57 62
1 195 252 221 223
2 28 285 37 265
2 18 198 42 130
1 162 261 171 256
1 26 239 84 172
1 114 237 180 222
1 29 235 194 223
2 56 205 90 155
2 116 266 203 249
1 115 291 144 169
1 44 224 86 220
1 66 216 104 136
2 108 260 162 204
1 30 282 54 97
2 85 283 95 243
2 44 289 55 252
1 44 196 185 190
2 100 260 234 260
2 64 275 94 212
2 59 281 161 265
2 167 252 195 230
2 5 147 36 101
2 21 293 56 220
2 57 262 75 261
2 84 270 190 251
2 5 231 112 134
2 143 271 151 216
1 152 243 197 221
1 21 270 56 177
2 98 268 104 218
2 24 192 89 179
2 74 246 134 205
2 69 250 99 213
2 11 292 92 235
1 4 219 199 219
1 78 281 132 249
2 70 245 141 244
1 87 224 177 180
2 3 189 97 124
1 71 254 73 121
1 137 300 146 239
1 6 211 159 204
2 214 268 217 245
2 6 134 75 78
1 26 186 60 107
1 136 189 141 160
2 72 237 85 137
2 81 201 141 144
2 55 296 179 293
2 28 226 143 196
2 106 286 116 212
1 7 81 40 78
2 6 203 179 183
1 187 289 266 271
1 72 242 79 165
2 72 248 167 177
1 76 297 106 236
2 132 292 162 243
2 59 287 75 133
2 17 254 155 237
1 37 163 53 89
2 4 132 29 108
1 6 288 17 89
2 169 294 229 251
2 16 218 73 111
2 153 210 159 160
2 25 240 53 102
2 25 218 144 159
1 33 272 199 267
2 25 171 106 108
2 40 173 87 127
2 135 172 141 169
2 88 259 176 251
2 7 51 33 33
2 2 201 130 146
2 39 266 118 195
1 47 205 89 174
2 65 280 192 223
2 72 279 195 221
2 68 237 93 144
2 116 272 158 202
1 60 182 89 159
2 17 249 78 235
1 99 240 174 175
1 37 297 191 270
2 30 164 32 128
2 56 197 148 151
1 72 223 105 175
2 6 241 20 98
1 31 295 46 190
2 61 285 86 181
2 18 247 150 184
2 103 230 165 179
2 42 239 187 226
2 105 283 117 227
1 44 237 67 177
2 6 257 187 214
1 5 188 42 106
1 64 166 77 80
1 87 269 202 232
2 3 264 56 115
2 20 209 156 188
2 73 239 156 165
2 83 222 87 160
1 10 263 58 202
2 17 124 44 98
1 60 277 104 215
1 15 213 89 158
2 79 233 150 152
1 63 249 75 171
2 29 290 102 162
2 2 105 5 98
1 93 260 232 242
2 46 228 68 72
1 97 194 183 187
2 87 269 123 182
2 99 239 126 175
1 63 251 109 239
1 59 273 199 252
1 73 176 144 149
2 174 253 213 237
1 76 180 164 165
1 24 179 66 74
2 201 252 227 249
1 2 298 207 231
1 178 239 181 234
2 31 205 86 157
2 2 136 116 127
1 104 232 132 171
1 9 289 51 169
1 2 244 9 148
1 78 253 169 202
2 45 294 97 117
2 111 235 204 218
2 133 218 184 191
1 69 249 122 241
2 64 229 66 220
2 24 146 39 86
2 118 271 124 160
2 115 288 155 234
1 159 226 183 218
2 1 279 13 54
1 15 275 49 214
1 135 289 182 276
2 68 206 72 202
1 111 291 112 227
2 75 258 81 109
2 58 243 167 223
1 6 213 70 197
2 154 275 237 248
2 64 149 77 79
2 9 252 67 179
1 45 154 110 150
1 31 270 127 200
2 59 242 82 159
1 93 196 102 183
2 60 239 177 188
2 75 296 161 162
2 66 267 179 193
2 10 253 23 174
1 67 255 67 153
1 93 208 112 112
2 83 276 132 154
2 25 245 39 68
2 4 273 235 270
2 123 280 145 179
2 100 215 115 191
1 40 292 108 259
1 73 268 135 217
2 37 185 42 164
2 11 271 52 241
2 8 274 111 182
1 13 135 132 132
1 123 257 209 220
1 16 277 167 202
2 20 196 183 193
1 33 254 57 176
1 44 256 91 130
2 33 252 111 212
1 42 295 48 236
2 118 280 260 279
1 60 116 62 76
1 64 245 65 200
2 36 266 191 214
1 104 284 145 247
1 119 296 207 256
1 26 234 157 187
1 38 135 106 124
2 215 286 227 277
2 3 289 33 206
2 1 201 91 196
2 81 184 88 179
2 16 155 77 109
1 134 275 165 214
1 36 79 39 66
2 71 235 95 99
2 28 163 144 160
1 22 239 23 90
2 70 220 115 118
2 124 299 173 175
1 51 192 92 174
2 8 274 31 81
2 97 274 177 233
1 49 266 88 165
2 75 250 91 104
2 67 292 247 291
1 69 275 111 182
2 34 254 50 196
1 83 286 128 140
1 66 300 133 188
1 46 289 78 168
1 26 247 122 185
2 12 190 66 119
2 46 244 68 236
2 45 276 102 114
2 81 241 88 168
2 79 215 156 193
2 52 188 74 82
2 42 263 106 168
1 75 236 95 141
2 38 196 124 169
1 188 269 211 243
2 4 251 19 242
1 36 276 82 194
2 9 169 65 160
2 38 230 154 205
1 76 294 89 284
2 24 233 67 180
2 161 299 200 231
2 4 184 112 145
2 31 188 63 174
2 85 296 242 281
1 97 180 111 135
1 44 176 70 111
2 169 282 210 246
2 8 226 13 142
1 22 290 78 243
1 125 281 197 248
2 248 288 276 281
1 9 237 76 207
2 24 294 31 233
1 130 297 211 276
2 4 292 220 260
