265 261
96 203 214 236 225 131 133 97 85 104 38 127 122 128 145 234 174 242 119 53 238 147 22 172 180 142 2 229 112 116 166 132 35 194 84 261 265 240 76 5 171 243 168 79 3 198 64 164 181 197 129 93 173 255 215 182 11 161 34 212 99 202 211 114 252 120 70 247 81 82 49 251 233 258 162 201 195 208 146 178 50 139 136 130 227 186 249 95 98 153 15 237 175 134 13 160 51 125 100 68 61 30 193 191 246 89 148 19 179 74 80 41 149 54 16 141 106 103 23 184 73 218 63 107 91 188 92 158 192 177 31 205 27 216 138 7 110 209 231 10 46 239 223 102 108 69 52 60 115 123 65 217 90 254 32 57 137 45 67 28 33 207 109 118 43 86 235 143 155 224 12 219 72 159 25 156 66 18 256 71 230 56 169 140 200 196 20 228 36 8 167 250 220 105 62 248 75 78 144 117 170 126 157 37 77 190 42 176 222 48 232 58 55 94 40 154 263 88 185 199 259 111 59 87 206 210 17 152 39 262 21 245 9 260 29 4 244 183 221 6 24 135 213 113 163 124 1 83 226 14 187 264 257 151 204 150 165 241 253 47 189 121 44 26 101 
1 78 139 95 106
1 138 258 187 233
1 78 201 162 190
1 36 252 59 202
1 85 214 109 188
1 56 220 158 194
1 123 167 142 163
1 27 196 135 142
1 11 264 38 62
1 171 256 230 236
1 18 234 18 144
1 4 134 84 115
1 25 148 125 142
1 26 147 124 138
1 20 256 89 121
1 18 180 37 155
1 2 177 42 132
1 40 247 223 224
1 13 262 54 223
1 75 236 105 139
1 12 107 77 79
1 23 228 152 153
1 81 233 91 128
1 17 206 36 75
1 25 103 55 95
1 35 218 113 129
1 115 226 121 127
1 16 223 85 150
1 2 216 79 136
1 62 97 77 88
1 152 224 162 195
1 29 253 47 68
1 64 233 88 166
1 66 241 88 237
1 9 183 87 97
1 21 169 35 71
1 162 255 177 253
1 85 244 179 187
1 67 244 125 159
1 67 138 125 136
1 2 245 18 81
1 75 248 159 194
1 79 164 110 154
1 70 236 169 219
1 61 251 67 159
1 131 208 181 206
1 94 249 110 224
1 43 209 184 209
1 19 252 19 160
1 85 261 128 129
1 79 235 109 200
1 24 261 34 134
1 67 241 119 152
1 102 231 136 141
1 52 164 56 136
1 25 245 35 46
1 41 223 141 142
1 10 204 23 111
1 81 256 144 236
1 2 244 63 227
1 34 255 146 252
1 168 240 173 176
1 33 241 62 221
1 12 201 70 108
1 104 231 183 215
1 50 211 202 203
1 74 238 139 180
1 76 182 159 166
1 149 227 181 208
1 12 143 27 61
1 106 172 130 164
1 6 206 21 141
1 9 190 95 122
1 58 245 172 184
1 57 257 139 224
1 22 242 40 112
1 28 257 31 71
1 14 231 28 54
1 72 250 165 177
1 5 257 35 76
1 86 232 138 220
1 8 236 71 215
1 68 223 102 146
1 9 204 195 200
1 13 177 14 72
1 49 253 213 249
1 20 162 25 28
1 42 223 46 99
1 51 190 105 184
1 99 254 168 196
1 7 117 87 113
1 43 223 68 149
1 2 190 41 44
1 68 211 161 184
1 93 244 208 226
1 5 136 89 110
1 76 236 77 187
1 64 232 187 201
1 114 262 150 162
1 31 236 59 149
1 3 169 90 123
1 21 155 48 96
1 28 179 102 130
1 58 265 80 116
1 4 242 146 220
1 8 231 110 186
1 45 240 151 165
1 61 248 209 218
1 143 232 151 192
1 6 57 49 52
1 53 221 163 171
1 21 173 109 153
1 45 231 59 167
1 17 264 112 184
1 76 235 92 103
1 59 155 125 142
1 23 187 38 54
1 77 222 115 147
1 3 115 68 108
1 5 188 54 95
1 2 201 53 158
1 140 242 186 219
1 16 262 58 71
1 73 208 87 160
1 48 231 199 215
1 64 170 78 86
1 12 191 37 58
1 55 225 59 79
1 3 103 57 77
1 67 203 130 152
1 125 253 137 223
1 66 252 189 252
1 54 204 75 181
1 44 205 86 103
1 116 261 209 252
1 75 251 126 193
1 6 153 38 110
1 158 257 182 218
1 19 221 89 108
1 52 250 110 250
1 40 143 122 123
1 143 261 210 221
1 59 162 115 135
1 51 214 62 111
1 10 123 16 53
1 14 175 65 120
1 41 240 79 113
1 23 135 50 76
1 71 218 128 157
1 39 235 146 168
1 8 219 145 200
1 37 214 56 63
1 55 247 62 246
1 144 226 173 179
1 22 251 32 218
1 28 87 39 85
1 1 232 61 218
1 48 224 74 129
1 82 115 84 110
1 57 172 62 164
1 46 80 55 60
1 49 123 57 114
1 51 198 140 153
1 59 212 61 193
1 11 222 37 163
1 26 184 35 139
1 21 253 142 184
1 112 244 126 231
1 83 253 234 249
1 77 136 107 120
1 4 213 38 109
1 5 206 69 194
1 61 220 102 112
1 42 228 83 182
1 23 214 106 203
1 58 234 103 151
1 11 168 58 70
1 24 106 90 106
1 8 224 10 120
1 111 255 118 220
1 54 122 63 117
1 48 262 65 117
1 103 265 143 225
1 33 212 77 162
1 147 241 214 223
1 16 225 23 124
1 123 249 182 195
1 80 165 86 138
1 38 226 150 215
1 26 254 66 90
1 133 238 141 183
1 31 161 129 131
1 54 242 99 199
1 52 246 193 195
1 10 225 119 188
1 81 211 148 207
1 40 230 43 108
1 40 260 142 207
1 15 198 39 87
1 10 226 17 223
1 31 88 57 61
1 55 157 89 140
1 15 265 43 250
1 127 197 149 166
1 11 220 30 99
1 43 179 54 177
1 90 211 198 208
1 33 245 132 205
1 85 175 124 142
1 91 264 144 250
1 14 253 215 239
1 42 216 86 115
1 131 263 221 245
1 4 125 61 65
1 6 246 115 226
1 18 252 152 228
1 29 190 153 161
1 58 223 78 144
1 4 115 30 32
1 169 256 251 253
1 50 117 71 72
1 1 249 111 174
1 15 200 73 95
1 78 215 93 114
1 41 188 86 129
1 14 222 63 72
1 13 86 52 55
1 48 261 177 198
1 19 212 94 94
1 21 98 86 92
1 96 228 161 200
1 23 164 79 91
1 47 246 100 227
1 5 225 122 130
1 70 157 128 137
1 77 262 107 127
1 11 199 20 107
1 73 243 132 224
1 19 224 182 185
1 18 148 43 111
1 58 204 115 187
1 41 133 57 102
1 26 199 43 52
1 38 229 115 155
1 13 194 79 139
1 79 218 80 111
1 97 224 120 124
1 26 188 37 102
1 10 262 51 181
1 55 222 128 165
1 50 230 71 222
1 50 236 115 181
1 96 260 229 252
1 7 231 158 172
1 63 217 116 211
1 17 222 92 135
1 10 248 132 181
1 74 212 87 136
1 92 235 165 233
1 71 256 88 234
1 25 176 71 122
