250 286
82 92 88 23 175 1 151 67 74 45 215 101 233 44 238 34 10 176 160 222 103 43 122 68 143 91 24 39 127 30 49 227 130 75 85 214 158 106 231 201 117 95 200 240 112 42 205 28 224 79 136 86 83 188 218 3 56 140 246 78 154 55 26 163 237 244 248 173 223 96 171 7 104 156 12 63 165 35 32 22 9 147 125 183 225 144 50 228 123 182 194 249 236 190 142 52 148 155 132 94 37 177 121 61 157 152 204 70 13 4 250 77 220 120 203 11 65 180 100 15 226 58 207 159 133 2 119 98 211 8 139 229 145 48 5 179 115 247 181 213 90 80 184 137 202 191 206 198 208 41 36 174 18 232 172 31 166 14 102 99 16 57 72 59 105 118 113 29 138 178 169 219 81 153 212 162 116 235 243 193 124 40 19 192 189 131 71 241 164 217 64 93 167 234 25 126 210 107 128 17 245 109 110 216 87 141 150 185 60 20 134 47 69 230 38 6 114 209 168 199 108 33 242 196 66 146 73 170 89 54 135 76 239 129 21 161 84 51 149 53 46 197 221 186 27 97 62 187 195 111 
1 37 224 55 197
1 39 226 43 131
1 119 237 191 211
1 77 177 133 163
1 138 222 143 216
1 104 195 153 166
1 23 159 38 132
1 24 229 178 199
1 88 207 96 104
1 2 217 61 189
1 49 178 99 121
1 130 229 136 185
1 42 184 111 181
1 132 248 175 224
1 24 177 46 95
1 24 215 69 149
1 18 135 115 129
1 39 243 74 242
1 48 227 136 162
1 33 247 107 246
1 13 183 46 146
1 123 236 136 181
1 36 140 66 112
1 70 221 141 199
1 20 241 120 145
1 55 233 110 124
1 88 171 100 124
1 24 198 38 149
1 44 216 109 124
1 141 222 158 204
1 18 154 59 118
1 95 226 169 193
1 16 157 87 129
1 25 215 84 155
1 29 204 30 65
1 100 238 217 218
1 94 216 133 195
1 6 144 18 143
1 43 216 103 202
1 48 124 92 116
1 69 212 76 86
1 28 207 33 120
1 23 250 31 104
1 178 226 189 192
1 73 209 79 146
1 17 246 34 97
1 63 249 71 191
1 24 243 166 224
1 205 235 220 234
1 7 212 46 71
1 16 113 74 84
1 182 241 188 232
1 78 193 125 149
1 104 246 138 168
1 53 208 79 124
1 33 217 100 183
1 7 108 31 33
1 35 108 78 87
1 81 243 172 217
1 58 213 156 190
1 100 211 118 178
1 53 120 61 98
1 8 72 16 24
1 50 119 63 113
1 38 116 83 109
1 133 190 147 156
1 29 230 116 227
1 76 240 79 237
1 17 178 87 131
1 67 190 119 126
1 147 243 170 229
1 43 215 132 187
1 43 137 128 137
1 17 188 55 152
1 1 184 28 180
1 24 188 33 156
1 82 235 148 153
1 104 247 132 215
1 4 194 109 185
1 24 138 124 136
1 14 149 78 84
1 96 165 125 154
1 15 155 44 84
1 54 154 90 100
1 42 242 85 161
1 64 181 97 157
1 58 243 223 240
1 5 242 55 229
1 88 241 150 229
1 33 162 139 147
1 78 171 105 140
1 7 123 36 61
1 13 219 50 202
1 38 192 188 191
1 150 216 161 189
1 107 207 153 174
1 36 245 114 172
1 35 192 92 123
1 38 194 51 57
1 139 238 158 197
1 27 152 40 139
1 6 238 110 119
1 18 248 128 186
1 160 246 201 211
1 13 236 64 214
1 97 139 105 129
1 89 243 148 240
1 14 234 88 130
1 72 211 123 195
1 3 193 139 189
1 32 195 92 183
1 63 239 147 236
1 57 160 86 91
1 32 239 85 183
1 15 116 43 76
1 26 209 54 141
1 83 225 160 220
1 123 246 132 162
1 86 215 203 208
1 23 230 39 147
1 80 226 91 122
1 105 235 110 115
1 37 116 42 67
1 64 182 120 138
1 30 213 71 211
1 28 227 104 215
1 46 176 106 132
1 6 218 120 145
1 100 220 182 210
1 78 179 144 173
1 84 172 91 123
1 8 188 14 181
1 13 103 20 35
1 46 173 79 95
1 24 225 157 169
1 94 190 127 129
1 5 51 7 13
1 19 152 66 115
1 103 194 104 107
1 145 226 147 169
1 38 238 119 220
1 56 191 99 166
1 50 245 186 190
1 84 191 96 189
1 17 172 32 63
1 40 225 54 89
1 15 180 69 126
1 5 229 76 150
1 60 192 71 157
1 32 193 51 193
1 27 126 46 62
1 38 209 45 178
1 36 152 111 122
1 20 226 22 221
1 40 218 58 215
1 41 198 93 164
1 98 220 124 208
1 47 200 75 147
1 34 237 133 200
1 13 204 81 178
1 17 202 103 164
1 76 248 141 196
1 21 246 79 189
1 73 230 131 164
1 91 182 121 125
1 5 121 38 109
1 10 191 67 100
1 115 211 125 207
1 67 142 69 119
1 41 127 74 90
1 8 86 43 70
1 28 190 122 146
1 55 218 68 160
1 164 210 169 183
1 27 230 71 193
1 53 174 95 120
1 97 212 187 200
1 12 195 56 61
1 16 247 35 137
1 31 246 53 128
1 43 181 88 97
1 65 199 178 191
1 64 237 104 172
1 29 167 47 112
1 28 138 52 78
1 13 168 36 123
1 48 122 60 113
1 4 228 63 224
1 71 229 101 173
1 112 225 135 189
1 21 192 173 191
1 51 228 78 156
1 15 248 34 46
1 21 227 91 208
1 7 69 11 64
1 76 242 101 183
1 44 248 118 196
1 44 183 80 128
1 63 249 125 196
1 13 157 59 86
1 112 208 173 188
1 52 195 124 155
1 84 176 84 123
1 49 174 140 174
1 30 229 105 155
1 20 196 67 104
1 5 241 86 196
1 116 152 130 139
1 41 249 107 126
1 12 137 32 73
1 5 245 22 152
1 24 249 124 134
1 27 234 67 149
1 12 182 109 151
1 55 175 151 158
1 37 174 75 173
1 118 244 130 231
1 41 223 71 111
1 69 245 114 196
1 22 168 64 65
1 2 179 47 49
1 10 228 38 189
1 78 236 184 228
1 154 231 197 206
1 7 160 12 123
1 3 46 14 35
1 30 179 110 139
1 44 164 107 117
1 71 208 160 188
1 36 124 56 84
1 3 188 7 133
1 12 239 90 224
1 78 216 98 147
1 47 131 81 122
1 36 216 165 198
1 31 248 151 215
1 83 235 102 145
1 21 197 96 131
1 100 248 178 246
1 14 220 92 172
1 67 151 139 149
1 12 121 15 70
1 16 213 86 199
1 104 195 163 183
1 27 219 200 218
1 21 137 56 57
1 17 165 21 30
1 109 182 121 181
1 69 225 174 176
1 88 200 111 136
1 33 181 51 58
1 86 232 106 152
1 111 246 181 200
1 117 206 173 179
1 139 231 182 204
1 84 246 176 185
1 95 227 108 166
1 17 220 33 51
1 112 239 152 224
1 14 196 44 55
1 4 105 32 60
1 64 134 99 112
1 149 210 164 184
1 28 132 78 127
1 122 233 139 154
1 113 206 151 173
1 19 143 31 84
1 42 224 185 191
1 8 243 17 108
1 115 249 177 192
1 7 209 121 149
1 24 143 37 129
1 84 212 101 173
1 46 238 90 159
1 20 243 190 204
1 148 246 169 174
1 33 211 57 90
1 47 245 78 222
1 27 247 123 231
1 4 239 71 215
1 87 242 138 206
1 81 172 107 110
1 62 207 191 199
1 24 236 43 234
1 166 250 166 184
1 75 215 93 94
