154 2983
142 50
12 18
124 4
143 81
57 145
26 7
131 111
33 91
31 119
154 95
20 28
34 141
49 50
137 108
146 136
104 3
57 16
68 37
41 105
143 104
141 103
130 152
144 130
66 86
31 104
139 87
45 123
101 119
119 51
136 94
80 108
9 138
7 6
127 105
65 74
4 41
40 16
87 47
60 7
22 34
77 84
61 59
129 48
91 8
62 84
128 32
148 41
124 143
76 22
12 95
132 13
49 117
26 96
9 104
127 71
56 51
5 18
110 35
93 134
52 63
28 73
68 15
79 143
83 121
72 98
92 114
100 86
56 141
95 130
106 98
105 30
153 138
62 120
78 70
4 137
73 68
79 129
147 15
125 99
88 26
97 68
114 81
8 6
149 77
36 126
36 111
105 79
15 116
47 79
111 13
41 32
5 19
41 40
90 20
2 73
96 107
126 116
37 75
28 85
117 11
152 86
22 150
44 32
154 131
76 67
98 145
48 119
27 143
92 46
17 27
138 108
66 33
36 28
87 146
46 24
110 56
103 65
17 83
119 61
46 105
76 59
149 43
128 1
66 26
24 125
48 124
8 87
2 8
6 17
135 82
15 100
44 137
63 1
1 105
2 143
86 119
89 84
54 88
25 17
31 46
39 48
133 100
52 19
88 76
53 94
44 113
89 62
82 50
98 137
82 108
109 35
72 91
105 83
73 142
154 83
12 47
148 61
130 43
81 21
121 43
148 153
64 78
72 66
111 57
24 130
16 125
70 18
17 106
88 77
18 120
8 29
21 7
66 39
56 90
35 146
13 6
69 45
118 49
74 5
16 41
65 124
41 91
34 126
23 99
65 143
151 131
13 89
96 154
45 101
99 88
134 54
112 108
44 152
141 30
65 72
29 66
154 117
124 14
6 48
111 85
9 58
100 21
54 72
58 107
142 23
105 64
77 36
111 2
54 116
3 31
29 119
67 140
55 56
133 88
141 134
136 122
15 27
34 100
59 104
35 36
79 74
151 43
91 77
120 108
127 135
59 102
27 119
43 107
27 138
52 142
86 65
5 11
45 102
28 26
21 64
32 42
148 97
96 151
96 143
137 119
18 39
62 71
149 48
95 73
151 102
5 3
141 76
149 5
46 15
152 11
76 144
106 90
102 49
120 65
10 15
5 127
148 84
140 117
91 147
67 13
52 134
29 70
153 151
84 17
42 142
13 100
18 40
41 18
114 75
9 96
143 44
83 106
74 8
69 130
144 140
97 85
22 56
6 81
6 130
24 154
29 146
99 50
45 52
69 33
118 19
139 63
54 124
135 66
27 52
146 57
64 118
88 42
40 124
152 115
108 94
29 131
33 16
27 153
74 136
112 9
4 101
5 31
26 69
109 24
71 108
63 41
30 8
8 140
88 72
64 87
80 27
21 88
73 7
140 130
89 118
100 29
90 109
154 142
26 140
72 152
96 39
112 90
69 27
66 82
58 93
21 97
154 50
43 37
84 65
127 126
120 148
44 29
75 147
1 75
30 36
43 124
11 148
38 22
136 52
94 115
149 144
53 76
68 123
120 73
6 74
93 80
41 129
122 21
90 5
73 10
15 87
89 64
73 141
67 141
152 28
83 25
21 91
11 1
83 118
88 131
115 125
88 56
99 8
89 33
60 18
42 114
65 115
59 120
121 104
123 93
8 12
70 149
62 28
131 149
83 93
90 8
135 119
97 76
118 48
109 113
139 48
144 69
72 44
140 59
11 53
57 11
118 139
43 2
61 95
126 113
67 57
29 15
108 85
21 56
58 84
89 60
30 94
121 125
137 52
83 77
111 137
75 71
36 13
108 17
32 65
28 107
150 136
152 65
3 81
118 127
61 46
148 74
88 16
1 56
92 137
63 24
6 116
35 140
105 138
150 28
60 40
119 110
49 13
61 17
7 19
38 149
18 86
151 48
122 125
153 89
56 102
84 75
56 133
13 95
74 24
7 29
49 98
93 110
144 26
26 119
99 35
130 122
71 138
145 116
15 30
55 78
59 145
45 145
91 35
149 9
74 38
78 36
94 101
47 117
1 115
71 4
112 18
32 31
139 80
34 89
118 10
42 16
35 61
28 148
87 76
15 96
68 80
41 62
126 119
60 124
57 10
108 12
73 54
91 119
106 48
154 151
132 118
68 105
145 152
3 60
34 71
141 119
42 14
61 62
50 150
10 109
86 99
144 12
43 93
16 46
110 41
130 142
40 45
26 148
42 71
18 154
17 72
50 90
16 81
82 19
123 32
1 27
122 62
12 40
140 60
120 89
107 103
72 59
118 29
27 91
116 153
91 105
82 91
53 41
35 15
6 21
6 26
21 133
130 21
81 46
115 8
133 103
63 34
139 52
79 25
147 114
29 80
74 143
114 146
131 115
123 90
139 54
75 65
85 149
26 65
45 62
88 37
10 1
30 139
149 139
93 77
40 117
90 93
29 127
47 83
108 70
119 28
139 114
31 114
127 124
152 96
34 64
12 44
131 140
89 110
103 130
38 25
113 77
58 22
52 28
100 152
105 19
54 44
28 30
93 85
132 127
19 108
96 21
109 62
122 98
151 58
4 65
80 103
72 16
35 58
7 141
137 133
24 83
92 146
147 20
151 122
58 99
8 46
1 124
61 97
23 108
73 11
38 84
85 75
88 47
120 17
133 124
86 23
129 114
59 107
14 111
48 55
137 87
5 42
78 132
107 14
118 69
89 135
129 49
82 41
12 118
122 43
30 128
69 100
55 123
69 78
79 4
31 100
42 146
101 27
122 8
64 116
74 67
111 115
72 77
126 117
36 92
11 97
61 39
23 8
96 55
55 28
10 21
151 148
111 88
100 63
56 112
137 104
134 63
134 121
148 20
62 25
12 141
87 16
50 22
8 118
10 140
110 106
141 71
69 36
136 76
24 2
23 75
153 94
97 27
143 19
102 150
133 57
102 119
42 105
133 93
76 118
16 49
13 26
40 143
111 151
11 9
141 42
86 107
57 107
7 86
76 80
119 114
117 30
136 12
26 105
95 100
71 28
17 145
43 84
150 137
103 142
142 38
94 68
3 71
30 122
34 105
7 24
8 96
78 31
25 114
14 5
60 12
118 16
51 37
43 53
93 2
13 152
51 96
138 10
110 122
52 129
3 143
70 91
83 112
76 13
25 86
114 2
28 46
151 4
22 79
98 2
123 131
98 56
129 7
43 136
66 108
54 84
82 79
107 76
25 2
53 118
141 135
26 133
78 139
117 118
138 103
13 133
150 76
127 57
78 152
94 50
130 132
134 66
57 121
40 21
97 133
153 20
142 97
12 45
59 13
88 73
43 153
154 113
85 54
106 130
88 113
52 50
87 127
137 129
117 71
139 96
118 95
135 130
100 70
99 149
104 83
45 51
69 19
37 94
35 40
97 24
101 85
2 128
92 16
128 150
55 124
23 92
16 135
72 116
50 35
20 9
146 18
153 22
80 22
140 41
18 147
132 77
94 102
133 46
52 80
145 90
22 19
125 13
96 69
120 134
61 132
30 32
25 138
145 32
153 102
90 133
20 25
27 53
40 86
115 34
16 131
120 29
3 116
35 121
112 78
68 76
138 104
128 107
83 143
48 14
48 152
133 27
34 145
135 144
78 111
100 52
75 130
38 21
97 75
144 49
7 130
127 94
83 56
41 119
36 47
147 118
74 63
16 36
100 125
59 150
97 152
64 31
133 59
94 66
132 68
152 79
130 97
10 33
97 92
52 144
68 38
83 115
112 97
15 98
104 154
58 134
91 39
31 142
99 121
78 52
48 150
21 65
29 149
49 105
10 94
21 136
83 39
42 95
121 86
134 94
51 133
43 47
27 44
115 60
44 3
140 105
121 44
108 144
112 131
76 15
102 42
55 134
116 99
5 80
141 58
10 6
72 52
93 54
104 146
80 141
76 64
58 121
111 25
137 68
7 90
13 136
66 109
76 66
97 83
127 13
23 88
54 17
69 92
3 61
59 134
80 16
11 96
64 17
43 12
38 53
22 133
31 53
45 107
145 53
111 142
69 141
87 43
34 4
41 23
15 131
94 47
71 56
16 56
63 21
114 154
91 142
62 131
147 145
48 19
67 131
83 133
112 154
24 149
78 63
151 86
112 55
17 137
50 72
153 14
104 117
126 106
132 32
154 97
14 70
21 147
151 87
89 116
105 133
26 44
116 82
93 31
109 142
134 39
125 82
105 124
67 1
19 66
5 135
95 59
15 144
36 7
17 82
27 104
115 10
152 3
2 94
68 32
9 13
72 42
70 63
106 25
8 45
5 32
110 130
106 34
151 35
41 111
33 127
23 35
4 104
85 48
5 55
100 145
111 58
108 64
34 82
43 99
102 77
129 55
153 111
70 2
12 23
22 59
129 6
22 90
116 137
53 132
105 98
83 152
64 57
38 46
65 104
78 122
143 25
46 79
152 77
124 15
24 49
102 91
128 15
4 13
85 150
131 106
126 20
41 73
146 68
34 127
53 15
96 147
6 38
31 82
76 99
115 121
137 22
143 103
2 6
83 43
111 63
140 100
5 23
28 124
112 136
40 68
153 73
116 118
38 55
87 107
82 120
72 106
37 137
139 126
100 97
51 149
55 95
26 95
99 40
69 17
152 136
139 62
137 85
42 140
11 63
13 82
99 26
90 134
56 73
77 46
66 15
86 4
31 2
51 41
59 69
53 18
80 53
1 31
118 77
57 35
62 128
35 98
87 35
33 40
29 42
55 80
13 109
83 88
108 79
116 134
95 131
32 24
108 13
49 26
114 38
81 56
72 45
102 132
127 119
113 135
27 147
131 118
39 86
150 67
105 146
4 150
112 96
147 10
88 8
14 45
41 126
11 142
95 120
62 146
111 79
74 54
85 68
33 133
58 29
119 66
85 78
68 61
17 58
20 15
98 79
5 63
33 11
134 125
78 117
106 94
106 122
119 54
92 59
128 103
6 114
119 58
52 151
14 33
101 105
77 63
62 129
59 114
122 50
73 103
143 34
2 17
80 125
34 78
59 30
1 65
26 61
88 89
63 84
32 140
127 107
66 22
70 136
32 109
37 3
107 27
127 70
140 108
102 89
94 52
27 62
72 68
13 24
120 61
48 46
40 145
138 11
52 61
32 22
152 134
21 62
85 90
145 127
141 139
83 96
23 110
140 110
133 3
69 140
63 105
143 113
15 142
61 151
54 68
103 76
153 99
56 7
54 50
58 64
36 122
25 77
32 117
72 29
130 154
114 15
3 84
7 119
75 55
129 133
100 150
124 59
123 105
135 70
152 10
154 5
4 120
108 73
10 142
34 46
11 35
55 42
19 154
91 18
35 68
126 24
107 37
102 81
114 117
35 19
90 62
52 56
51 147
91 133
21 144
112 149
44 77
112 57
41 34
144 138
64 30
60 118
85 100
52 145
112 130
98 3
117 131
99 48
114 29
105 21
48 105
46 65
69 94
9 47
133 39
10 3
13 42
147 116
85 136
113 110
62 60
118 143
124 10
80 40
20 89
17 49
57 24
120 57
72 127
47 139
85 154
106 58
125 37
3 19
141 106
18 125
118 110
130 40
85 76
23 43
98 48
102 113
60 78
63 120
136 86
143 89
17 93
152 150
109 26
101 128
77 76
48 4
71 91
141 47
30 67
130 114
17 48
137 54
15 60
71 37
24 59
24 89
57 72
69 9
121 23
75 91
8 33
81 43
79 2
40 48
115 37
54 140
140 151
19 23
16 147
94 63
143 58
1 94
16 132
42 53
85 49
83 87
142 56
107 100
126 75
17 73
103 119
117 4
153 149
147 19
101 95
40 55
20 11
134 14
27 51
131 6
65 57
57 29
142 28
61 98
25 127
48 80
90 60
67 148
115 31
63 37
15 49
31 116
152 90
46 117
72 26
73 14
47 89
102 101
105 103
85 113
24 129
102 111
141 38
126 1
141 36
2 44
119 149
106 101
53 7
57 68
117 137
99 71
109 25
91 108
90 9
2 130
67 62
15 2
44 89
132 120
125 47
61 76
13 123
15 88
66 139
20 87
25 116
136 108
28 47
77 134
68 87
40 129
111 94
141 60
141 123
121 31
49 107
134 142
10 127
135 131
45 126
107 92
60 16
42 7
77 81
1 29
125 93
36 125
80 152
50 26
76 83
89 10
18 42
40 72
24 42
45 49
58 30
51 116
112 142
37 132
135 77
25 5
142 18
82 68
60 44
149 56
142 48
98 125
46 87
136 88
71 18
17 85
119 109
1 95
141 122
69 137
99 98
106 82
76 1
18 132
7 48
27 64
37 110
49 125
42 116
108 54
74 121
38 45
86 32
91 16
85 132
77 58
126 31
56 13
151 30
96 100
44 147
11 79
84 117
104 103
19 91
153 38
96 24
87 143
3 105
56 60
71 5
85 151
38 104
97 5
120 5
25 148
139 132
145 70
114 76
93 20
4 87
28 79
3 128
129 72
75 123
89 1
96 67
56 29
80 18
83 19
94 78
126 129
151 132
58 117
122 16
31 19
144 148
12 131
147 76
93 97
5 21
24 117
126 57
20 80
40 73
135 114
123 8
62 6
15 130
138 38
106 47
33 41
100 148
42 123
48 37
91 32
91 112
22 21
131 97
38 63
108 27
94 119
10 119
127 149
4 57
10 18
22 108
95 90
11 123
137 60
136 132
40 69
1 136
95 66
108 101
1 145
145 23
124 97
148 64
137 6
103 4
1 141
74 15
49 147
15 140
79 147
129 21
38 147
78 119
112 53
116 75
105 44
40 139
111 22
77 1
102 97
27 122
142 5
142 87
138 33
106 9
148 125
1 16
121 46
141 152
74 66
69 99
63 106
6 25
25 47
124 53
25 76
14 82
123 80
30 99
86 69
80 50
70 126
80 136
112 24
8 32
54 110
49 119
61 133
153 125
65 68
52 106
154 58
3 58
22 104
112 93
91 136
123 19
38 122
143 61
45 13
150 92
36 120
148 143
50 95
86 33
12 125
142 104
98 89
75 89
152 94
110 65
90 27
27 66
145 69
74 108
22 10
77 104
33 96
90 136
76 95
109 61
84 140
111 150
148 53
29 61
84 4
153 10
64 68
20 142
66 140
120 28
74 140
74 110
36 71
147 88
25 41
151 76
19 59
74 125
63 54
63 116
64 69
119 105
99 143
47 80
151 147
86 143
19 86
69 102
66 111
136 89
119 88
82 117
41 11
146 116
2 66
74 35
2 46
144 3
28 89
92 139
85 126
97 9
5 112
88 11
60 147
97 33
134 76
126 68
53 22
146 3
13 96
107 145
106 123
26 52
48 122
108 76
124 11
134 62
105 109
61 89
144 40
51 36
138 12
16 130
126 43
8 133
105 56
106 3
126 133
71 146
7 80
120 12
30 79
10 66
5 140
10 105
6 19
72 87
62 57
108 29
42 94
154 77
58 149
41 66
81 131
132 71
104 32
126 44
18 46
90 92
3 140
31 9
57 92
114 95
69 119
143 64
124 146
51 131
118 91
79 70
13 107
139 79
96 48
63 28
14 21
69 84
47 55
15 36
60 46
146 56
10 145
85 6
93 114
153 11
89 58
145 111
107 90
106 27
26 25
107 106
97 129
34 31
57 3
143 48
47 108
21 35
122 33
6 151
4 99
13 46
135 74
63 137
144 84
32 66
119 143
99 89
121 33
62 111
69 20
139 6
122 108
103 102
124 132
40 57
35 131
44 85
84 95
99 139
105 118
25 134
1 17
41 83
79 133
60 125
46 93
111 114
117 112
124 64
41 86
39 21
7 115
55 54
19 109
34 154
124 69
35 72
126 94
87 59
42 103
53 109
147 43
52 123
36 75
4 131
82 44
18 73
121 116
9 151
65 55
56 6
142 33
58 2
74 101
16 104
59 112
120 48
108 61
71 26
133 18
138 64
87 22
123 30
10 103
141 39
87 10
87 147
140 55
77 86
119 74
141 48
85 42
105 134
65 113
21 18
32 48
51 83
11 59
108 131
45 91
79 101
33 118
92 144
84 97
128 83
22 8
86 14
19 141
104 113
49 2
150 6
80 3
28 12
27 77
73 47
115 101
59 89
70 11
5 91
122 3
53 51
52 86
15 145
13 141
99 45
83 18
78 43
105 61
107 41
131 80
25 7
57 52
114 77
107 118
99 42
121 88
104 91
93 69
117 13
127 38
151 45
33 112
131 90
105 80
68 84
123 4
76 65
116 131
39 100
15 149
123 122
82 132
134 123
65 77
33 56
78 25
41 61
85 35
80 133
52 22
16 53
116 56
153 44
145 42
136 33
125 38
1 50
107 147
16 32
59 77
39 81
62 127
89 2
114 39
131 9
47 27
15 22
81 59
53 114
106 136
7 103
74 98
93 122
141 17
112 141
114 51
141 87
108 52
97 78
75 56
114 36
33 65
30 80
147 28
44 11
111 100
125 66
135 102
119 131
35 12
133 42
152 33
148 88
15 148
58 28
51 10
129 27
71 143
11 151
154 102
69 143
58 40
132 143
87 29
154 143
59 137
38 131
115 79
68 78
140 7
66 130
71 66
142 34
89 68
106 6
71 97
88 60
65 137
65 29
29 16
70 83
120 103
78 8
21 114
71 33
94 98
146 137
150 106
127 148
24 75
4 125
51 6
64 23
91 101
118 97
130 30
81 63
39 54
103 44
109 110
3 68
88 10
35 153
134 34
19 68
36 83
95 24
121 133
14 135
138 35
3 6
122 137
135 108
49 108
75 103
11 116
82 61
44 43
52 84
71 145
18 109
122 40
45 105
113 60
106 145
92 58
128 106
117 86
66 127
92 141
143 111
25 119
86 92
82 11
138 44
139 28
107 150
115 112
102 96
80 127
97 13
51 125
74 4
48 61
57 51
126 154
27 30
109 141
74 59
101 16
74 94
111 50
62 153
139 151
71 126
132 81
125 59
114 63
52 64
64 81
6 84
127 6
144 60
59 5
39 45
146 98
17 97
46 140
77 74
91 51
141 68
130 32
35 46
95 11
11 81
118 50
28 27
136 82
83 34
124 114
57 60
96 44
7 76
51 134
79 148
140 30
23 60
71 122
76 86
117 42
32 111
32 137
24 50
48 113
106 55
96 23
57 123
36 50
43 49
104 70
134 88
27 21
70 109
1 86
112 62
49 44
24 20
50 93
34 21
147 86
4 144
126 23
62 97
129 89
74 106
83 65
83 85
107 79
101 70
144 115
57 70
139 42
70 16
67 83
45 29
116 132
81 141
55 51
98 70
28 50
101 11
19 85
61 75
40 109
45 141
40 90
45 132
60 32
6 53
137 29
72 67
115 71
92 42
149 64
71 153
132 108
53 123
113 103
80 32
43 98
53 134
44 56
110 126
50 149
148 30
28 74
106 143
18 116
132 80
109 59
114 32
101 123
99 106
131 99
82 1
19 94
125 140
56 35
41 3
81 99
81 74
140 128
148 81
42 97
65 31
43 131
5 95
34 84
46 152
138 132
8 50
96 27
94 9
2 129
141 107
124 78
119 81
45 73
21 116
77 140
85 39
23 27
46 56
43 20
143 122
4 141
139 25
22 13
65 67
125 139
137 125
77 127
121 127
80 67
78 9
40 13
33 24
116 111
152 103
131 124
20 45
114 105
96 40
103 87
108 14
79 104
27 85
110 11
94 45
92 102
77 61
120 81
105 73
9 3
102 115
151 118
129 87
38 82
15 121
108 40
116 135
45 17
41 151
93 28
83 21
43 8
150 60
12 154
118 96
98 92
2 116
129 53
52 3
99 129
153 145
126 3
7 139
42 130
141 117
96 122
69 10
28 98
119 16
148 134
124 34
120 66
66 153
77 71
127 35
1 88
27 99
136 139
63 129
152 38
26 9
153 56
48 103
36 4
53 35
11 113
10 91
15 143
97 144
120 10
12 41
24 3
33 9
27 121
48 65
86 16
68 20
79 43
100 132
148 29
146 17
38 86
37 128
117 116
88 50
104 30
90 111
126 6
154 37
72 138
81 109
113 129
23 78
80 31
81 118
137 82
20 146
100 75
112 46
77 139
143 77
53 60
99 130
15 48
65 47
53 63
84 108
30 95
70 129
109 48
9 34
89 117
119 100
87 19
110 3
42 93
154 116
62 2
131 65
114 52
119 11
44 75
30 76
132 144
89 106
72 136
27 105
138 34
105 71
38 42
16 109
140 49
49 115
133 98
76 75
27 25
11 121
76 98
145 16
28 105
38 33
41 79
119 150
50 84
124 6
73 8
37 131
121 108
33 132
16 64
55 8
153 40
68 81
51 24
102 26
146 147
56 143
84 121
41 85
118 152
115 123
2 81
113 76
73 70
62 15
14 75
72 148
150 52
53 65
12 9
45 128
73 115
32 39
94 25
5 6
151 70
26 136
66 150
23 90
7 109
134 4
51 74
108 57
104 37
151 74
17 81
38 57
13 55
50 121
81 94
54 146
154 6
132 131
143 72
118 4
152 35
100 71
60 51
65 50
25 49
15 56
114 18
56 23
9 66
105 147
77 97
25 14
101 25
20 38
89 127
143 112
18 51
64 133
147 130
6 91
134 122
1 142
62 24
60 25
154 98
84 152
113 29
136 79
119 76
47 59
22 93
61 128
59 10
139 124
143 110
23 4
116 68
147 55
144 55
58 80
25 137
143 98
10 98
69 1
31 47
30 127
6 149
150 16
76 106
22 36
63 61
11 77
16 19
87 58
61 84
38 69
39 52
38 101
133 95
104 112
118 154
102 46
129 122
50 17
99 82
2 39
10 112
59 148
100 92
46 39
77 30
3 48
73 97
143 150
67 136
63 57
42 110
130 38
50 43
61 154
144 6
118 141
122 35
68 18
137 33
60 10
13 80
19 145
147 84
138 89
91 48
85 88
135 100
24 55
84 133
88 63
40 97
108 142
55 57
45 146
10 62
55 46
106 104
71 98
71 103
42 149
143 129
54 111
109 73
125 84
103 38
139 146
125 15
154 22
106 13
108 117
113 20
8 136
102 79
5 136
38 124
64 129
15 111
40 76
46 111
60 54
89 72
128 88
40 150
3 101
148 152
125 149
150 126
125 75
28 95
77 13
136 53
122 119
70 36
68 125
127 18
33 125
132 38
30 35
34 110
85 105
108 55
103 131
14 150
17 134
83 147
143 105
108 43
25 102
55 76
103 34
107 115
145 122
39 23
146 153
72 149
43 32
69 150
45 18
104 53
118 140
7 37
115 48
74 1
31 120
18 93
142 22
142 40
4 149
21 94
36 60
44 38
98 138
140 2
2 100
9 76
65 121
1 121
146 94
151 92
57 154
58 79
70 27
14 3
61 36
61 2
82 146
138 100
122 13
8 26
131 42
127 112
73 98
54 112
33 101
90 99
152 131
118 36
4 126
12 66
117 66
153 119
110 33
29 43
107 50
73 33
7 78
76 133
1 130
111 18
36 147
99 67
154 39
126 50
112 84
129 83
12 33
135 76
111 52
58 55
114 74
47 151
55 61
48 43
146 141
72 34
11 74
77 31
146 4
85 91
55 9
126 83
143 8
25 82
17 55
20 82
65 59
74 103
87 13
97 25
49 41
101 47
145 6
79 27
26 34
5 148
36 97
137 26
20 74
82 76
143 6
89 112
126 17
65 100
6 90
57 36
154 49
44 55
147 29
72 38
36 145
90 100
123 50
106 139
119 80
86 94
72 15
107 61
26 10
64 95
140 39
55 35
121 110
41 90
45 10
119 67
47 107
86 108
13 31
143 10
151 123
153 90
119 138
26 124
145 103
98 68
129 111
128 82
63 148
60 26
30 13
16 121
102 73
102 61
130 52
105 151
19 17
24 25
86 113
60 145
77 89
107 148
24 48
12 32
148 68
42 74
139 46
124 92
101 97
74 96
32 78
95 4
55 139
23 91
32 133
153 47
109 147
122 55
28 114
62 85
57 99
105 29
4 26
4 122
46 59
95 147
131 107
23 133
151 127
44 136
24 43
84 106
27 59
93 60
98 135
109 82
23 48
34 76
46 51
151 21
68 134
131 20
58 26
52 99
57 32
103 58
53 91
134 45
135 45
56 92
74 107
92 105
27 86
77 123
101 37
124 85
78 29
70 103
95 82
20 57
133 112
137 102
127 143
132 62
40 27
62 13
39 24
31 4
100 3
88 78
1 99
115 38
99 38
128 114
27 148
126 138
125 65
115 87
94 43
112 21
113 55
74 60
2 150
89 142
134 84
62 136
43 55
74 27
60 98
78 14
65 18
58 63
62 56
60 11
140 106
33 107
135 133
109 85
130 145
37 89
36 63
34 29
11 78
103 148
85 118
95 19
39 44
134 27
103 135
100 36
54 101
10 151
44 78
41 20
48 123
9 79
149 30
14 4
71 133
69 44
44 122
153 105
91 55
131 24
67 50
2 74
6 76
51 34
141 90
119 99
76 122
11 154
52 153
138 65
22 48
28 37
149 134
86 44
134 12
129 119
69 123
135 44
149 138
75 13
132 125
26 131
82 73
48 63
5 57
73 104
135 101
146 110
105 144
64 110
53 105
7 101
149 100
111 16
82 27
66 106
64 77
36 102
39 12
44 37
50 20
21 103
146 59
64 107
99 103
129 136
113 62
58 142
18 23
48 28
143 54
85 79
145 113
9 6
125 31
124 93
35 41
101 98
82 110
115 61
47 135
153 140
21 52
44 88
143 144
26 73
17 46
117 133
81 152
95 52
12 124
132 50
122 133
13 147
88 33
112 65
98 90
87 133
10 137
105 107
8 63
109 43
103 126
132 47
96 34
82 127
65 51
85 98
80 100
72 105
5 52
2 23
6 98
126 56
36 117
58 112
61 141
154 64
27 71
31 7
78 146
77 9
115 109
113 140
69 149
52 7
60 136
130 28
53 144
152 53
8 147
132 83
127 83
142 45
124 107
129 4
137 61
56 118
82 40
5 37
1 96
111 60
107 135
93 71
31 98
84 126
51 139
42 49
9 92
135 124
29 125
112 105
54 87
82 6
154 135
17 125
80 79
149 86
18 8
31 101
71 128
75 141
45 76
38 62
121 48
128 124
126 104
117 105
110 71
76 143
37 96
129 131
91 14
33 153
93 108
14 104
58 60
12 82
71 124
114 104
145 26
32 53
115 45
59 55
119 113
127 69
148 147
16 137
19 32
40 103
142 55
43 141
4 132
68 36
84 114
109 23
82 138
37 153
48 87
65 119
55 89
25 50
83 145
150 45
81 47
18 115
124 144
3 83
140 91
77 107
89 63
120 140
29 76
84 99
143 62
90 69
93 92
39 82
95 33
76 32
109 130
93 135
133 2
143 22
139 81
113 61
16 154
84 111
123 124
84 105
18 135
147 138
4 90
70 65
45 112
66 34
124 129
24 35
147 6
99 56
150 87
75 51
24 53
89 107
4 154
92 136
2203
1 2899 
4 542 1482 1907 1323 
4 2445 2006 762 650 
3 640 2610 2028 
4 729 393 1215 1463 
1 2080 
3 647 715 1937 
1 343 
1 2337 
3 2795 1628 1764 
1 1783 
4 1214 2249 1052 965 
2 1473 2779 
3 2432 956 617 
2 2123 123 
3 1508 434 1288 
3 388 859 1956 
4 2226 2124 752 2389 
4 2154 2201 778 147 
2 1931 1061 
1 1306 
1 2907 
4 1099 144 2068 1185 
3 2023 1228 2200 
3 449 2786 1433 
1 1029 
3 1118 2408 1250 
2 2957 2186 
1 1920 
4 1203 1957 1293 897 
4 631 2943 320 2929 
3 88 2694 980 
4 751 2024 1190 564 
2 472 2189 
2 46 1731 
3 2009 2181 2874 
4 2700 1540 350 2350 
3 697 1036 2638 
4 100 2829 1424 219 
2 2466 1259 
4 1643 2572 2726 774 
4 2185 2297 908 2711 
2 1178 2379 
2 1113 1297 
2 643 996 
4 2274 1656 273 1952 
1 2093 
1 57 
1 1854 
3 2411 702 2882 
3 198 2980 904 
3 2723 964 1454 
1 692 
4 705 1675 2057 2593 
4 1353 2512 488 805 
4 2719 730 746 883 
1 224 
2 1584 424 
4 2158 1340 1654 2980 
3 1320 2608 2020 
3 539 2531 1985 
2 1748 82 
1 1544 
4 2708 726 926 2917 
3 2641 1416 567 
2 1952 2298 
4 2640 918 2056 250 
4 2589 2853 934 687 
4 1084 1043 844 2505 
3 705 2515 875 
3 393 1648 1704 
3 1794 845 286 
2 1475 1874 
4 1869 7 1175 1111 
2 1350 493 
2 733 1640 
1 2826 
1 1688 
2 2180 908 
3 1135 943 870 
2 2460 2095 
2 2416 666 
1 677 
4 2407 2741 2072 245 
3 874 1645 758 
3 924 153 950 
3 1110 2707 400 
4 2941 81 317 2193 
1 853 
2 436 394 
1 2006 
3 1887 988 1800 
4 2553 1137 804 447 
1 228 
3 945 2695 2002 
4 2954 316 167 1923 
2 624 1821 
3 2547 1064 2168 
2 842 970 
4 2685 121 2598 972 
4 967 2418 496 2501 
1 2860 
1 2638 
4 1123 1470 2125 1406 
3 2701 2671 1729 
1 149 
2 1501 2213 
2 1347 975 
4 2441 2876 2305 1412 
1 474 
3 2467 1851 2459 
3 1637 1318 458 
2 377 2963 
4 2517 1992 150 2576 
1 2367 
3 1359 899 1138 
2 1847 2183 
4 1031 160 2249 1694 
3 242 822 2740 
4 2830 1724 1908 1427 
1 2516 
4 2205 494 2174 2151 
1 2330 
1 634 
4 1501 2139 1835 2211 
2 871 2204 
1 172 
2 2176 1338 
3 80 297 1016 
3 1935 2396 672 
4 130 105 1198 647 
1 1727 
1 306 
2 2132 1019 
4 252 870 2925 2557 
2 265 463 
2 1227 168 
1 1354 
1 965 
1 517 
3 354 748 2667 
1 2644 
1 2642 
2 144 2649 
1 2059 
2 1373 2310 
4 2018 472 2655 2179 
1 2860 
3 2233 102 2477 
4 113 1582 41 982 
4 248 2238 2186 794 
2 1680 1096 
4 1100 2568 2323 2897 
4 77 2342 168 1618 
2 624 2731 
3 2651 1005 1737 
4 1213 2722 1602 1832 
3 2238 2886 2091 
2 677 2800 
1 2586 
3 1943 857 2752 
2 441 2738 
3 2311 1517 286 
2 1014 2549 
2 2658 1122 
1 1487 
2 852 1240 
3 1940 2342 1483 
1 2575 
2 966 1643 
4 400 377 42 702 
3 57 2524 2673 
3 1724 105 142 
4 130 2104 278 1834 
1 1073 
2 737 1876 
4 2617 1400 133 592 
2 2720 1828 
4 334 1217 1894 614 
1 1202 
3 2298 2044 431 
4 1602 2017 688 1052 
4 1940 765 1630 2121 
3 2822 1554 2044 
4 1654 211 1196 2781 
2 922 597 
2 1363 2071 
2 417 1885 
2 2924 2517 
3 1501 671 1790 
1 2925 
3 2502 657 222 
3 1609 2209 2143 
4 2224 1652 2514 2690 
2 1979 911 
4 2698 220 2095 13 
3 1389 2804 2240 
2 8 2842 
3 688 563 1350 
3 114 561 2019 
3 2054 679 707 
3 1040 1944 1606 
4 2264 943 2363 1855 
3 2334 2617 936 
3 360 1371 843 
2 1619 575 
3 1854 2850 1997 
1 2052 
2 2976 2173 
4 635 1298 358 441 
3 332 1859 1739 
1 993 
1 493 
3 862 1388 253 
4 2440 2405 2094 2908 
2 2145 1263 
1 2471 
4 1082 775 1542 1257 
1 2032 
4 2851 2619 1694 1226 
4 2168 2424 2490 1830 
4 194 2468 1371 444 
3 2603 1378 2884 
1 1492 
1 2502 
4 1628 270 2076 785 
3 1972 1050 2689 
1 2327 
2 1185 230 
2 2087 2335 
3 1629 1005 714 
3 2355 217 300 
2 1166 1105 
1 2708 
3 2170 454 2107 
2 1315 114 
3 1936 905 1003 
3 517 1140 991 
3 172 1945 46 
2 1298 2393 
1 696 
3 2373 828 802 
2 1108 469 
3 1893 1405 1310 
1 506 
4 2440 2729 241 2854 
1 2407 
3 84 460 1368 
3 810 354 758 
3 1061 1844 359 
1 2272 
3 129 1436 1456 
3 1225 2024 324 
2 2271 702 
4 1735 123 295 1748 
3 1618 108 997 
4 2203 129 2604 2668 
1 2549 
4 2152 739 2043 219 
1 1228 
2 1066 1609 
1 2461 
1 960 
1 650 
4 2969 1481 1009 227 
2 681 1725 
3 992 1532 1131 
3 1234 858 630 
4 1793 2130 1674 1238 
4 2786 1542 2018 1291 
3 2797 73 43 
3 2894 1788 1361 
2 2675 2626 
2 1912 2669 
3 2532 1975 2746 
4 2762 2029 439 1872 
1 1580 
2 112 1768 
1 2305 
4 921 649 1019 911 
2 1203 1076 
4 323 1155 954 277 
3 2552 1197 1391 
4 2819 578 1780 2701 
3 1515 459 1225 
4 2958 2444 751 1584 
2 152 583 
4 2371 1404 2120 2256 
2 2402 2241 
1 1927 
4 953 910 1717 342 
1 2721 
3 325 192 2334 
1 1704 
3 869 1722 568 
4 1408 1563 24 2541 
2 1770 1397 
2 1777 825 
1 2868 
1 1120 
2 1061 2374 
1 641 
3 30 1556 171 
2 378 1940 
1 2142 
3 751 711 1268 
1 2411 
2 2205 2382 
1 2610 
2 1737 983 
1 51 
2 1410 1984 
3 1290 1236 1273 
4 1421 54 876 2389 
1 2817 
4 1990 484 2096 1752 
1 1312 
4 2736 146 1028 1576 
2 799 2239 
2 748 2677 
3 1127 2968 205 
4 2366 1400 882 1232 
2 931 2621 
1 1967 
4 2136 2366 281 1369 
4 1171 1386 1055 2058 
1 1563 
1 2014 
1 749 
2 979 499 
1 2841 
4 1192 710 589 2287 
3 2577 474 359 
4 1469 1308 1339 966 
1 2136 
1 584 
4 2674 856 1114 1700 
3 1493 907 1397 
3 2152 2686 2062 
4 734 2091 95 1474 
4 1269 1419 1466 936 
3 193 2550 360 
2 2281 2311 
2 553 2725 
1 541 
4 730 55 1873 1324 
2 373 747 
2 925 2654 
4 312 1184 1216 1878 
3 2405 1597 1444 
1 2935 
3 2276 1391 2136 
4 2705 32 1663 891 
3 120 1896 2770 
2 638 1591 
4 2269 1463 517 2668 
3 1335 1704 91 
1 2242 
3 469 2497 711 
4 1754 326 1047 1 
3 1923 2164 348 
1 2458 
2 824 494 
3 1089 1643 497 
2 1494 150 
3 1461 2755 2141 
1 1085 
1 1207 
3 2570 2906 648 
2 1727 2167 
1 2675 
2 1982 623 
2 2632 501 
2 1401 601 
3 2788 2363 2446 
3 606 92 1889 
2 2983 932 
2 1887 1987 
2 581 1652 
4 2141 1098 2508 96 
3 1432 1605 1529 
1 2332 
2 2400 486 
2 1128 672 
3 2091 202 1020 
2 191 2251 
3 1982 2933 2548 
4 2085 2175 280 1349 
2 1026 2411 
4 1467 1500 1233 1839 
2 1464 441 
3 491 2617 1276 
4 1390 677 2499 1905 
4 2777 595 1237 334 
2 2351 2011 
4 1729 2963 815 535 
4 1593 1828 1536 2652 
3 280 397 1983 
1 1424 
2 259 560 
1 818 
4 2358 2307 1654 1944 
4 2025 670 2922 447 
4 1957 212 165 1363 
2 2884 2533 
1 2831 
1 17 
3 1064 2012 2442 
1 2119 
4 374 2662 1196 2392 
3 2518 2220 2501 
4 1159 1976 2556 1416 
1 1641 
4 1091 1243 1196 17 
4 2947 2851 59 1625 
4 819 1811 1459 1478 
2 1290 16 
4 1387 2726 2 1405 
2 930 1473 
1 612 
3 446 326 1518 
1 1234 
2 1938 2803 
3 432 966 1301 
4 31 630 886 1569 
1 1017 
2 2928 665 
4 2510 516 2064 1820 
3 229 2946 2106 
3 1228 80 390 
4 5 189 950 784 
2 2624 1175 
2 796 227 
3 744 249 1602 
2 391 1552 
3 979 2753 1334 
4 38 1733 2017 2389 
4 1945 951 2471 1733 
2 824 1141 
3 467 128 1244 
2 776 943 
1 2636 
3 458 2849 2246 
1 1378 
3 2468 586 1173 
3 1569 365 1764 
4 1511 2774 2461 1458 
1 2334 
4 2124 1117 1678 1559 
3 233 1903 902 
4 2090 2118 1766 2351 
2 2280 2817 
4 1983 1337 1331 1835 
3 1455 1296 2809 
1 2486 
3 1372 2144 515 
2 989 2271 
4 67 1180 1160 83 
4 1248 2125 2554 186 
4 540 1954 1476 2427 
2 535 2615 
4 2698 1750 524 2890 
1 1229 
2 2050 2153 
1 2544 
1 1552 
1 667 
1 2372 
3 2041 2213 2152 
3 275 2673 560 
1 2885 
2 2382 1725 
3 2406 679 1741 
3 2229 883 1291 
3 1678 731 400 
3 450 2611 2068 
3 1638 1901 464 
4 591 1756 222 226 
3 1004 1085 1671 
3 1615 1728 487 
2 1900 2405 
3 63 2544 1130 
3 2809 1311 256 
3 1998 459 1832 
2 1757 2501 
3 2753 141 880 
3 636 187 206 
4 2387 1614 1583 2533 
3 2155 2457 2632 
1 1600 
4 1296 774 515 110 
2 15 256 
2 1146 1867 
4 2741 1652 1543 1506 
2 792 1701 
4 1264 1038 1705 2394 
1 2206 
3 654 362 1751 
4 114 1159 1672 2358 
3 1141 1385 451 
2 717 729 
1 2947 
1 1049 
3 2299 1598 2429 
2 2879 153 
1 396 
2 507 1043 
4 2929 1329 2790 1413 
3 2007 1117 2894 
3 1245 1744 1696 
1 453 
3 274 2686 2241 
2 827 4 
4 2347 1235 964 550 
2 74 745 
4 1431 2469 2148 831 
2 758 1861 
3 672 1396 994 
1 1373 
2 1285 577 
3 902 299 1487 
3 1501 1094 151 
4 675 2265 1857 882 
4 1404 1590 1973 1049 
2 2224 2347 
4 2907 771 664 2312 
4 650 1506 1449 2850 
2 1008 2088 
1 432 
1 728 
4 2112 1589 2843 2189 
3 2863 2482 1076 
4 336 2412 1668 1558 
1 1544 
1 1334 
4 829 1707 2496 885 
1 1409 
3 470 2170 2028 
1 216 
3 2377 2937 2681 
1 459 
4 506 1854 2438 2724 
1 108 
4 2633 2902 2274 2343 
3 1490 460 513 
3 2037 2533 2738 
4 2944 1978 1116 1974 
4 497 2964 1501 2611 
3 1163 106 2414 
4 2294 2260 1365 2290 
3 2171 1694 1599 
2 2820 1645 
2 218 75 
2 322 499 
1 1042 
4 2897 862 2642 508 
2 2864 124 
4 907 2601 229 2025 
3 468 1237 1576 
4 1520 1558 1700 2744 
2 700 285 
2 1 1821 
3 289 1398 1493 
4 962 933 1887 945 
4 560 2116 117 664 
3 951 2626 1925 
1 2469 
4 472 920 1203 2846 
4 2816 631 2295 1933 
4 2656 1648 1602 610 
2 1289 2126 
3 1186 2634 1578 
4 2749 926 2694 2948 
4 113 692 1620 1526 
2 718 2343 
3 453 658 258 
4 237 2679 453 766 
1 819 
1 2485 
1 2694 
1 1717 
4 2550 1947 1215 2433 
2 1876 964 
2 1858 731 
4 952 509 552 634 
1 2247 
2 1134 1274 
1 898 
4 2101 241 118 365 
3 400 1318 2256 
1 738 
3 2005 2608 364 
2 2769 2762 
3 2693 2040 1984 
3 1037 1044 1211 
4 1076 1517 236 2191 
4 250 2592 2078 320 
1 2154 
4 1953 2290 2573 1682 
2 2576 2092 
2 2761 579 
1 2558 
2 1282 1488 
3 2211 2390 226 
4 2644 2441 414 2141 
3 177 2623 2489 
1 1783 
3 2951 1598 1887 
3 1885 2397 2698 
1 1905 
1 1706 
1 283 
1 2956 
2 475 1149 
2 2204 543 
4 1694 1714 1349 616 
3 2318 480 2149 
1 2082 
4 2695 1869 832 742 
2 1298 1731 
4 2054 2288 2190 2932 
3 2370 2527 2703 
2 1347 1628 
1 2449 
2 526 941 
4 2878 2689 977 2390 
3 2812 1469 560 
3 500 453 451 
2 674 1860 
4 1978 1557 406 716 
2 380 149 
4 1761 11 15 526 
3 1697 397 833 
4 2970 2765 1796 1927 
2 2440 1198 
3 2919 281 2932 
3 2380 642 364 
4 2216 461 1075 1384 
1 2631 
3 2799 2875 1509 
1 2955 
2 574 860 
3 302 1644 319 
1 1627 
1 504 
4 2100 2294 383 2774 
3 2252 240 867 
4 1768 1068 2330 1917 
1 2680 
2 1852 951 
4 1792 1529 865 1982 
1 1843 
4 1296 2023 2665 2428 
4 1324 2164 2503 938 
4 666 804 2887 2758 
2 17 1115 
1 2142 
3 285 1671 1439 
1 1147 
3 1739 1950 1353 
1 859 
1 2323 
3 1933 2964 2263 
4 2153 2798 1156 1349 
3 653 272 195 
4 2606 1996 2696 795 
4 642 1595 1370 1456 
4 194 1262 2953 711 
4 636 2816 1260 2189 
1 1194 
2 2220 2315 
3 891 752 559 
3 1194 2093 2375 
4 1682 1460 2470 2467 
2 317 2224 
2 57 2419 
4 1483 775 761 2409 
3 2201 2405 2045 
4 2215 81 757 1805 
3 60 1124 2112 
2 226 98 
3 1485 1361 2275 
1 1748 
2 2713 925 
1 33 
2 2406 924 
3 2563 709 693 
1 2012 
3 678 1041 2713 
4 2332 424 1710 1524 
2 1773 743 
4 1 2918 841 145 
4 2565 2614 1054 1075 
2 1507 82 
2 809 1444 
2 1319 1930 
4 1614 1194 2717 2373 
4 2142 2151 777 1085 
2 2738 628 
2 1970 2862 
3 2556 2066 1460 
3 447 851 1304 
4 2270 2161 1985 421 
1 161 
1 2312 
1 105 
4 1096 2837 528 1719 
2 161 1488 
4 208 1963 644 108 
2 2233 603 
3 1546 1996 491 
4 146 171 2010 2624 
4 2773 2424 2785 1990 
4 1500 2338 1132 2487 
1 632 
1 2665 
2 2120 923 
1 1387 
1 254 
1 2027 
4 2182 2491 2856 2537 
3 1275 2494 353 
4 2348 1741 47 1215 
4 2255 1841 2770 977 
1 2717 
2 1817 198 
2 2159 2211 
3 1489 2699 868 
4 1869 2413 1662 2076 
2 2390 2570 
4 2374 324 2210 871 
3 2909 201 983 
4 1494 2376 359 1867 
2 1351 464 
2 1525 2059 
3 2117 20 1257 
3 2177 1082 2089 
4 790 2097 2511 1465 
4 1189 165 2972 1887 
2 2460 1193 
2 2579 1851 
2 168 870 
1 379 
4 503 710 2344 1982 
3 1592 1550 2125 
3 295 2077 1444 
1 844 
4 769 587 2787 2434 
1 2643 
1 2032 
4 529 356 1790 1755 
1 2195 
3 72 1643 1645 
2 1736 2956 
3 1179 2203 550 
1 1539 
2 1821 1724 
2 2863 65 
1 2904 
4 1320 1953 1490 1701 
2 1695 2751 
4 2689 2909 1128 2029 
1 2378 
2 1093 2842 
1 2879 
4 1172 2588 1235 2418 
3 1780 2195 2927 
2 70 2379 
3 935 1417 2408 
4 2788 678 1707 651 
3 2722 2860 729 
2 335 845 
1 1013 
2 2791 1677 
2 2305 2687 
1 2520 
3 736 2416 1717 
4 2103 1636 2049 1543 
3 1148 1133 1063 
2 2178 2158 
1 115 
1 2124 
1 2265 
4 2373 390 1910 2231 
4 2907 1764 1363 286 
1 2566 
2 219 134 
4 11 2022 907 1473 
3 2312 332 587 
4 1517 2017 710 2385 
2 821 2223 
3 2478 2072 2922 
3 1088 470 523 
4 2734 2039 1589 160 
2 2102 2646 
1 481 
2 2144 1442 
4 2066 1687 1566 1778 
3 2446 2022 653 
4 2609 416 2269 2110 
4 2252 2918 1423 2059 
4 1874 2349 1776 50 
1 1370 
3 2663 2126 104 
4 623 674 196 1643 
1 545 
2 851 325 
1 2641 
1 2331 
3 534 873 82 
4 1090 1480 2383 1933 
1 592 
2 1249 2072 
1 1474 
3 1137 2314 28 
1 420 
4 2626 1692 2855 261 
3 2589 1897 1023 
2 1366 2418 
1 2637 
3 2470 720 2156 
3 239 1358 2632 
1 1456 
2 1218 1264 
1 2336 
3 1546 966 2977 
1 373 
4 2447 1346 1422 84 
2 2894 98 
1 2281 
2 890 2768 
3 2899 461 493 
4 300 1288 2459 916 
3 1800 1835 1979 
3 1177 664 1417 
1 585 
1 1184 
3 474 341 1038 
1 2229 
3 2174 21 1606 
1 1172 
1 1138 
2 1350 1563 
2 2229 2681 
4 2036 818 328 1299 
1 1726 
1 2310 
1 2299 
1 1834 
1 2953 
2 2084 2039 
3 589 1218 646 
1 2906 
2 669 2034 
4 402 13 1299 154 
2 1349 1374 
2 2582 1994 
3 2586 1852 2500 
1 2828 
1 779 
1 1440 
3 1290 780 2247 
3 2281 1143 2655 
2 669 2127 
2 770 762 
1 2289 
4 678 112 2096 2256 
1 2862 
1 1886 
3 193 2640 907 
2 190 2890 
3 7 2071 423 
3 1922 2286 1593 
4 1242 1892 481 1497 
3 717 2147 60 
3 1343 1195 2169 
3 2688 676 915 
3 283 1807 400 
1 2916 
3 495 2621 2006 
4 689 723 1771 2 
4 887 2134 1092 2664 
4 437 978 884 949 
2 2250 2167 
1 264 
4 2875 2330 812 386 
1 1294 
2 1611 1362 
4 109 1781 908 2733 
3 349 1676 2377 
1 1748 
4 1214 1232 2172 1773 
2 1773 1720 
2 1755 2169 
4 2442 1000 2298 2126 
4 2804 2924 2678 1134 
3 671 955 339 
2 746 1358 
1 1096 
2 612 2312 
4 1985 2351 352 1977 
2 2701 1131 
3 286 1900 2660 
3 1071 2408 1744 
1 1004 
2 1689 1507 
2 431 1433 
3 1948 775 2182 
3 1979 2304 2910 
1 1895 
3 2661 839 1313 
3 1923 514 1681 
3 118 1676 1119 
4 2668 958 2787 927 
1 148 
1 2791 
4 2206 1841 1555 135 
1 206 
3 2171 2348 469 
3 2407 1556 2079 
4 578 860 1754 1170 
1 2863 
4 1580 230 1446 1925 
3 1210 1340 383 
4 2467 2550 524 2824 
2 2403 2804 
1 2177 
1 333 
2 1800 2885 
3 1742 2151 778 
1 1073 
3 1489 382 492 
3 274 1245 352 
4 2972 2780 2938 450 
3 1256 2861 1080 
2 291 808 
3 2832 1574 1828 
3 1933 2937 2036 
3 2424 2119 1561 
3 2130 1608 1150 
4 2123 945 1197 2249 
2 2056 235 
3 2039 1732 2085 
4 87 20 2429 332 
3 1519 2438 2581 
1 2481 
1 205 
4 604 1116 1586 1794 
1 2140 
1 2641 
3 416 2942 531 
3 2329 216 2158 
2 65 1943 
4 1993 1389 1844 2222 
1 2643 
3 721 1068 380 
4 690 209 398 2211 
1 256 
2 769 364 
4 928 2676 2294 1901 
3 219 2032 2575 
4 2646 1928 2118 346 
3 1175 51 2047 
3 1802 2788 1190 
1 1045 
2 2206 6 
4 1337 352 1155 2558 
1 2051 
4 1346 1831 203 2827 
1 2605 
1 2023 
4 1021 2629 2164 490 
1 2435 
4 256 1712 1014 1203 
3 2375 2574 242 
3 1115 1158 2526 
1 1505 
2 1966 2609 
3 703 783 2103 
4 2694 2253 644 1112 
4 1575 1445 946 1811 
2 181 2552 
3 287 775 2418 
4 1823 1284 2822 647 
2 2005 340 
2 244 496 
3 477 2726 2516 
3 1654 1995 405 
1 787 
2 2199 2665 
1 910 
1 2807 
3 269 323 1526 
4 136 610 2612 745 
4 1498 390 625 973 
3 2414 2019 509 
2 1732 2613 
1 2309 
3 556 673 914 
1 125 
3 1251 1847 932 
4 1599 667 1780 2101 
2 1355 1107 
2 1311 830 
3 821 673 1542 
4 1836 1099 1745 112 
2 536 2715 
2 1142 1492 
1 2769 
2 2712 688 
4 85 2930 986 2066 
1 2132 
2 1921 156 
3 1102 2453 2021 
2 2476 2747 
4 1889 1487 2760 1187 
4 1583 1152 2522 1916 
2 2774 1765 
3 2217 2671 2547 
4 1090 1014 405 1507 
1 1194 
4 2500 826 686 304 
1 1493 
2 567 2369 
1 466 
2 2577 1480 
1 262 
4 1801 2949 2965 2645 
2 1846 2172 
3 2656 1646 2256 
4 2656 542 1655 2468 
1 479 
4 2647 2569 2974 643 
4 867 194 1910 1744 
2 482 2855 
3 1110 2142 2288 
3 799 1881 1388 
1 1800 
1 840 
1 2597 
2 241 2964 
3 299 1907 751 
1 1863 
2 690 1636 
4 455 2942 1656 2645 
2 472 2978 
1 1811 
1 510 
2 618 2604 
2 148 715 
3 2557 2793 354 
2 1185 798 
1 1487 
4 1271 1869 440 1370 
1 2799 
1 565 
4 1903 1160 2149 1077 
3 896 2166 2656 
4 181 2518 2636 2967 
1 2117 
2 2629 1655 
2 1780 1276 
4 1606 2356 2932 713 
4 2625 835 2540 605 
4 2568 1757 2538 339 
2 1931 2646 
1 2909 
4 594 997 2272 2284 
4 1593 2715 756 973 
2 973 1555 
1 797 
3 793 2939 403 
4 1545 1114 2596 1457 
3 2364 821 225 
4 426 1877 52 2498 
1 2792 
2 897 1300 
2 270 2065 
1 97 
1 1382 
3 2028 2977 2724 
2 1440 80 
3 48 2575 251 
4 200 169 2887 1280 
4 1594 151 2558 2043 
3 1373 2589 2934 
1 1893 
1 262 
4 1183 1757 37 170 
4 2675 1197 1747 702 
3 260 744 1656 
2 852 1283 
2 1200 151 
4 2875 1554 716 1574 
3 2898 2269 84 
4 72 700 678 1176 
4 2636 1812 1295 2513 
4 2275 1850 1561 283 
1 410 
2 357 71 
3 1823 2081 1706 
2 2890 1240 
1 2699 
3 1780 361 1545 
3 1531 1375 1918 
4 1758 2413 1780 1166 
2 413 2051 
3 479 332 1264 
3 1072 724 1837 
2 1417 1878 
4 930 1953 1560 1648 
2 2696 2410 
2 2062 2286 
3 523 2319 2540 
1 2748 
2 464 1430 
3 1290 50 1683 
1 203 
1 575 
2 2823 2559 
3 2003 1837 1463 
2 740 1674 
4 2415 746 592 2718 
3 2517 2238 2815 
2 1397 1671 
1 937 
1 2955 
1 1222 
2 1182 2164 
2 2845 1157 
2 649 1610 
2 1582 922 
4 684 1674 207 457 
2 2937 2033 
4 959 2243 502 1868 
3 789 2599 2355 
3 2629 2056 1600 
3 2671 744 439 
1 1150 
3 2221 754 1587 
3 177 3 2195 
1 82 
2 292 2639 
1 1756 
3 2722 467 2297 
4 335 1793 1224 881 
1 1188 
1 1666 
4 2158 1878 1434 2707 
3 1696 794 2284 
4 514 2932 551 1455 
4 1348 264 100 335 
2 2653 489 
1 2340 
1 973 
3 838 2349 111 
1 2975 
2 1485 1643 
3 499 540 2465 
4 2543 1374 1675 2088 
4 1609 1542 1096 322 
4 2777 305 2520 243 
3 460 116 1583 
2 1569 2364 
1 2938 
3 1973 319 568 
4 392 876 2814 2156 
2 152 1204 
4 2904 1489 2436 667 
2 2128 1536 
2 2277 2046 
4 2876 682 1927 1766 
3 1712 2022 1586 
1 1043 
3 2351 586 1161 
1 2405 
3 1520 202 1276 
2 526 38 
3 1597 1702 2027 
1 2095 
1 334 
4 2610 324 2756 656 
2 917 2941 
4 2563 1797 2324 138 
1 2339 
4 767 802 2184 2076 
4 1231 2457 342 1100 
3 854 1356 1197 
3 1821 2453 2026 
3 618 1440 371 
1 900 
4 842 2429 812 1099 
3 1537 963 2019 
3 643 2511 2899 
2 2200 1182 
3 89 2718 1125 
4 55 2054 1785 1905 
4 2790 2425 778 611 
2 495 72 
3 637 2813 2703 
4 1065 797 874 695 
1 1472 
1 2701 
1 1698 
3 1486 1303 716 
4 361 132 2084 2118 
2 2588 2690 
4 2460 407 2048 404 
3 2664 2595 753 
3 990 348 787 
2 1119 40 
2 893 789 
3 325 1248 928 
4 345 1560 2171 47 
2 2911 1075 
2 1534 2459 
2 2610 2450 
4 2274 297 442 444 
1 1552 
1 214 
1 1369 
1 1588 
2 1605 1400 
4 1479 2066 2354 1630 
1 2439 
2 1189 1645 
2 316 1510 
1 2837 
3 155 2492 1000 
3 1931 1293 1270 
3 736 403 1849 
4 457 1660 2443 1887 
2 174 2143 
1 2865 
1 1960 
4 2379 1903 2007 492 
4 2262 1114 1355 615 
4 124 2005 2598 1032 
4 2072 1435 2025 2941 
4 477 2533 1865 1885 
2 371 1339 
3 127 2776 791 
4 1045 2749 2722 2591 
2 159 2373 
1 1855 
2 1057 2912 
4 205 1280 614 1308 
3 2370 238 78 
2 2152 2699 
2 2803 2663 
3 1452 151 1736 
1 481 
2 1042 642 
3 293 413 1517 
1 2244 
4 498 2596 2855 1349 
3 2018 929 2935 
2 2103 876 
1 601 
4 2504 2450 1157 1435 
3 2390 2447 903 
3 767 208 1386 
1 1456 
3 474 1720 403 
4 16 115 2379 265 
2 1123 578 
2 1778 2672 
4 1925 1060 786 2016 
3 2015 436 974 
4 2578 759 2048 391 
3 2611 504 138 
1 149 
1 2342 
3 2530 1364 1686 
3 1231 2461 2644 
3 19 2802 1919 
4 2211 1925 1737 634 
1 2249 
2 2563 355 
1 2837 
2 2489 2130 
2 620 2204 
1 1893 
1 1812 
4 1234 2566 1864 2790 
3 100 1048 1276 
1 1725 
2 1846 1944 
1 2693 
4 1136 810 229 2037 
3 442 2838 2719 
3 1898 893 1303 
1 337 
3 2552 136 2239 
3 1116 1228 2247 
4 1160 2731 1601 1125 
2 1793 368 
3 2589 1144 211 
1 2694 
1 1222 
3 2168 660 2311 
3 646 2406 364 
4 2083 638 1512 2870 
4 2437 95 1384 2731 
4 1526 125 2416 579 
4 1432 2633 189 629 
4 2612 54 599 1938 
4 1208 2828 545 2727 
4 2529 284 236 140 
1 2905 
4 64 1828 1813 971 
3 2263 2349 1205 
1 1681 
2 1360 2145 
3 1350 605 503 
3 564 720 1977 
1 925 
3 1727 22 582 
3 2981 711 2924 
2 2587 2228 
2 430 224 
2 1809 2344 
1 37 
4 863 2917 5 741 
4 1320 2053 2436 2961 
3 1125 2652 1137 
2 2418 25 
4 2553 2859 2023 1988 
1 351 
1 319 
4 195 1684 1407 2462 
1 2873 
4 2374 1139 1080 53 
4 2377 1459 1435 537 
4 292 416 1199 2775 
3 1386 2306 51 
3 40 218 2599 
3 557 1910 1637 
3 1939 620 283 
1 1928 
2 1451 285 
1 1995 
4 2358 2273 355 2062 
3 2319 1359 1495 
2 392 705 
1 1014 
1 1017 
1 1078 
4 1856 451 2277 761 
4 2980 1066 2065 2195 
1 2729 
1 1086 
1 2552 
3 1735 1048 846 
3 520 361 231 
2 178 796 
1 1283 
4 1719 2661 1953 2007 
3 1878 2800 2311 
4 445 38 1538 45 
1 113 
2 2162 1245 
4 2217 539 62 1684 
3 2627 144 811 
4 2874 979 2681 836 
2 1926 237 
3 376 2779 246 
4 645 2704 1188 503 
2 2587 1905 
1 63 
2 1547 591 
1 2486 
3 989 993 1124 
1 2618 
2 92 1041 
4 1656 814 1987 2570 
3 636 2254 2735 
4 1580 2667 1230 1194 
3 2954 2807 2591 
1 468 
1 1785 
2 1989 2222 
2 2230 2657 
4 1452 1502 2279 2142 
4 19 1426 2384 1907 
1 2262 
3 1347 1585 2204 
2 693 1397 
3 1182 54 1709 
4 2592 750 522 2708 
3 2374 1406 2132 
2 1819 299 
3 792 2872 1971 
1 1204 
1 1241 
3 2838 2498 18 
4 269 2958 538 444 
1 2036 
3 680 2771 654 
4 1585 104 764 1270 
3 2671 1373 745 
1 1 
3 1933 315 2827 
4 2738 1821 1934 1589 
1 1415 
3 773 1372 2483 
2 1562 1839 
3 2714 1260 683 
2 2867 784 
4 2081 1865 310 1445 
1 587 
1 2957 
1 98 
4 1675 1960 1959 1938 
2 2824 2758 
3 1101 60 2159 
1 508 
1 365 
1 866 
4 2428 2170 1837 1976 
3 1766 1274 1169 
2 1503 840 
4 1710 1267 1145 1367 
3 2458 371 2645 
4 1654 315 2855 457 
1 240 
2 477 780 
1 1242 
4 2921 1812 1491 292 
4 2447 2597 1023 944 
2 974 2689 
4 1390 1182 1043 502 
4 1992 2473 1774 2674 
3 2053 2856 2463 
1 12 
4 2452 2510 2256 2550 
4 469 951 292 1297 
3 195 764 424 
1 1890 
4 162 1834 2919 680 
1 2377 
2 549 395 
2 175 2086 
1 1996 
1 2402 
3 1071 1868 1948 
2 2316 379 
4 619 216 2374 331 
4 1278 2264 2291 1263 
4 2457 79 2965 194 
1 2294 
2 1253 2520 
1 2557 
1 1852 
1 1455 
3 86 452 504 
1 382 
2 398 1738 
4 394 2763 1316 1728 
1 2979 
1 2868 
2 1098 1408 
2 2242 2399 
2 1381 1452 
2 805 174 
1 1669 
3 1391 1669 2186 
3 803 2716 845 
1 463 
4 2564 163 2301 2529 
3 2403 1043 1000 
1 588 
1 1459 
1 1399 
2 13 286 
3 1709 2004 1376 
3 869 1728 224 
2 2511 1702 
2 2345 950 
4 2588 1571 1010 339 
3 1866 2199 747 
1 2051 
1 965 
4 264 301 2948 1001 
1 2571 
2 2535 239 
3 1212 1290 2640 
4 1427 529 1685 1666 
1 2013 
2 1965 316 
4 300 2200 2128 1756 
1 593 
4 2806 721 528 1101 
3 853 2752 2638 
1 2668 
4 1992 1860 1353 713 
2 1655 1160 
3 1419 1979 314 
2 1487 1397 
1 2433 
1 1426 
2 133 1501 
3 2652 593 1474 
2 2213 460 
4 114 2244 743 1399 
1 1642 
1 631 
4 1833 1717 1825 2334 
3 1797 2750 751 
1 858 
2 950 771 
3 1099 2313 2290 
1 653 
3 2303 805 1325 
4 1999 16 1128 2503 
1 1720 
4 1647 850 1889 893 
4 1503 2035 2863 1823 
2 820 1498 
3 1258 1514 1109 
3 762 1465 2436 
4 1734 883 2517 181 
1 1614 
1 1450 
4 2559 214 1110 608 
4 218 396 1762 1005 
4 1649 2095 2325 1828 
1 2291 
2 2059 1247 
3 1683 247 2832 
3 1976 309 1709 
4 847 670 717 163 
1 1559 
1 2572 
3 2818 738 1797 
2 434 784 
2 1907 2447 
4 85 2169 1455 1108 
4 653 733 1862 1829 
1 2075 
3 1951 1482 1913 
1 1188 
1 1532 
4 1391 1289 1206 638 
1 86 
4 2901 1981 1533 2578 
1 472 
2 2632 2667 
3 1308 80 1248 
3 2043 366 1919 
2 745 504 
3 2740 1805 1932 
2 2938 2632 
1 2839 
3 757 542 50 
1 2856 
1 557 
2 1040 2871 
4 522 304 1773 1617 
3 2555 2559 2510 
4 1513 2189 319 1191 
4 1487 2384 126 2965 
4 2868 220 1187 599 
2 965 895 
4 1968 2789 565 2348 
1 986 
3 1819 2393 2874 
2 938 1286 
3 210 2118 659 
2 990 1819 
2 75 1237 
4 1154 2227 2814 2226 
3 406 2292 512 
4 1825 1473 1103 581 
3 1138 499 1801 
3 1328 2611 2920 
1 1582 
1 1149 
1 2331 
2 263 151 
3 2536 2620 1303 
2 669 2632 
3 1265 274 8 
2 1493 2161 
2 2606 2744 
4 2827 2598 1259 2712 
4 1176 1163 2549 1114 
2 163 1820 
3 2663 2667 2077 
2 2980 2006 
4 1440 699 403 1318 
2 2017 2408 
4 883 2681 2317 2273 
2 1831 486 
4 2022 2472 2899 384 
4 1200 2791 1304 1256 
3 1186 2429 2774 
1 1421 
3 1482 1385 1984 
1 1876 
3 1058 1602 2059 
3 31 1075 577 
1 2383 
4 1356 2844 1254 213 
4 503 1603 1108 511 
1 431 
4 2449 1001 2660 1499 
4 19 1784 231 1317 
2 1272 2471 
3 2599 1625 1994 
2 1965 2533 
2 1227 1983 
2 1281 2414 
4 894 2363 1253 1163 
3 1075 1623 2798 
2 2419 1389 
1 1012 
1 569 
3 1939 1624 1257 
4 370 457 1103 83 
4 2863 1675 1765 2361 
3 1853 2511 109 
4 2488 273 1617 2113 
3 294 1621 1442 
3 2323 565 2834 
3 2277 2970 1595 
4 1340 1161 2131 302 
4 2445 2099 208 326 
1 1755 
3 1831 2611 1603 
1 1433 
3 499 2183 2315 
2 2001 290 
1 717 
2 2482 1192 
4 1802 1357 1968 2300 
4 2479 2202 1342 1325 
2 787 2087 
1 817 
1 944 
3 1266 2056 2803 
2 904 457 
1 1658 
2 1064 1386 
2 1212 2606 
4 1530 2503 2640 1691 
3 2025 1327 2680 
4 377 2575 1422 2628 
1 2290 
3 379 1277 1601 
4 1164 2791 1899 2721 
1 620 
4 1954 53 703 2291 
2 108 2389 
4 2712 872 1217 1982 
1 1333 
4 1197 2401 1913 2463 
3 1933 2189 929 
1 2040 
3 1993 2510 1449 
4 1595 203 1359 1163 
4 2694 30 2563 2805 
2 2377 2663 
1 416 
4 2667 1497 400 2294 
3 2181 1014 720 
1 564 
4 2636 2155 361 1812 
4 1436 318 1754 1123 
1 1629 
2 1653 1991 
2 853 102 
2 1355 2359 
3 2106 2977 2904 
2 282 2414 
3 2374 1758 1016 
4 1963 1660 1662 39 
1 277 
2 2140 2187 
2 1312 400 
1 394 
2 2398 913 
2 706 2415 
1 2800 
2 1769 271 
4 1061 1475 1624 401 
3 1664 1819 999 
2 941 2284 
3 1772 9 2108 
2 1237 2823 
1 2531 
4 1620 399 2167 2389 
1 2316 
1 423 
3 2376 1726 743 
2 49 711 
1 1520 
3 1408 566 32 
3 1034 316 1932 
3 2069 484 1110 
3 1277 2120 894 
2 2109 2668 
2 1750 1390 
4 1336 2485 1158 2966 
1 344 
1 957 
3 1991 2701 2495 
1 2297 
2 2967 1926 
2 2137 2943 
2 2424 1212 
3 1797 2007 710 
3 2979 2709 2019 
1 1827 
1 1767 
1 84 
1 1206 
4 2160 471 16 917 
1 2204 
1 887 
1 2251 
3 2215 2683 1103 
3 1196 2028 1896 
2 1343 1600 
1 104 
2 1192 2800 
1 2806 
2 1386 1517 
1 1419 
1 1849 
2 2263 798 
2 327 290 
3 1260 2725 1293 
1 2017 
1 1427 
3 2581 904 1658 
2 1196 720 
4 348 335 275 2402 
4 812 2042 2441 2724 
2 296 1207 
1 150 
2 229 303 
4 1726 1464 34 2745 
2 2057 1198 
2 1391 1584 
1 1899 
1 1866 
4 1683 2927 1627 1864 
3 1752 2326 1901 
3 1840 621 2781 
4 782 1288 2279 907 
3 2485 1937 1446 
1 2019 
4 454 1873 567 2848 
4 250 2207 2254 1947 
3 882 775 1731 
2 401 932 
1 916 
3 1119 909 859 
4 2670 1662 1719 1327 
2 2302 294 
3 1189 34 127 
3 105 2342 2536 
3 1194 1841 1178 
1 272 
3 1165 1023 811 
3 2224 2369 20 
2 713 641 
2 1408 25 
2 1359 500 
4 589 902 402 1858 
4 1497 675 610 115 
4 522 1838 1218 1268 
3 1731 1736 2093 
1 358 
2 2388 521 
4 2686 590 1552 400 
4 617 1 334 298 
4 2863 2347 1257 159 
3 2304 587 315 
3 2889 1854 2629 
1 2884 
2 1900 2596 
1 1714 
4 773 1130 1509 2184 
3 2858 267 570 
4 1950 1631 1389 1154 
4 352 2045 1104 896 
1 1131 
4 804 1628 1396 2330 
1 1590 
1 857 
1 2166 
4 963 42 1322 1595 
4 470 184 1574 493 
4 1533 1397 2322 2337 
3 2338 1124 1679 
3 2467 1156 2835 
4 1509 39 2846 630 
3 2720 1049 569 
4 2969 1395 2597 2659 
4 2688 1615 2249 53 
3 2157 2918 2863 
4 2604 182 520 1583 
4 567 1954 113 1886 
1 1828 
1 2587 
2 2389 2868 
3 307 2612 2185 
1 2845 
1 134 
4 2019 1036 2125 1785 
4 744 1819 529 1665 
4 470 2107 46 217 
1 1167 
4 859 1392 868 1653 
1 754 
2 30 1594 
1 1143 
3 1290 2929 1229 
3 1035 2704 742 
1 1186 
4 1870 2104 1302 1768 
2 2134 308 
2 209 2414 
4 1098 2900 2902 2898 
3 2028 1159 1525 
4 1095 2966 1570 2139 
2 2407 448 
4 1718 2052 1977 1136 
4 641 2881 2981 2207 
2 2321 2499 
1 2493 
2 378 397 
1 2252 
3 2274 1878 855 
3 1863 1447 2777 
1 2221 
4 2610 672 365 1614 
3 2000 2463 607 
3 2015 2695 1969 
3 1800 2336 384 
4 1979 2124 2828 2271 
1 2751 
4 1016 599 2672 2147 
4 1708 1871 1634 1910 
1 618 
1 2524 
4 1738 254 779 2964 
4 2755 719 2323 524 
4 1709 147 1130 649 
3 1793 1244 446 
3 343 1903 133 
1 2007 
3 2323 1414 2445 
2 88 1774 
1 1400 
4 2678 1375 1499 479 
4 2813 519 1137 2955 
2 1459 628 
4 172 1949 2861 79 
4 164 1954 176 1541 
2 63 1210 
1 2311 
2 313 1712 
2 2871 2206 
1 939 
4 2155 816 73 530 
1 2598 
3 1225 1909 1407 
4 2244 1358 487 62 
3 479 237 1389 
4 1295 2090 1290 2443 
4 2613 103 1636 418 
3 2727 2704 1919 
2 498 2547 
4 2539 502 364 1115 
1 600 
2 2164 1818 
4 2572 540 2828 764 
1 1576 
2 26 2828 
3 2053 1346 622 
1 2283 
4 584 2772 282 748 
2 2218 2109 
2 1492 274 
2 1462 424 
1 2146 
1 270 
2 737 1204 
3 1871 1061 1162 
1 1159 
4 1416 173 2717 1119 
4 148 2536 2709 444 
2 975 2856 
1 1598 
1 1057 
2 179 210 
1 154 
3 1504 2260 1197 
3 1823 168 529 
4 1447 259 1638 1884 
3 2705 2102 1379 
4 1550 2948 1920 728 
2 901 211 
4 1337 1769 1627 2007 
4 1803 2005 898 2469 
1 690 
1 2372 
3 2090 2875 2550 
3 2181 1449 1163 
2 834 2899 
1 178 
3 2519 256 814 
2 145 2734 
3 371 604 1325 
2 2227 2776 
1 14 
4 2104 2521 76 2845 
3 1168 1688 1634 
1 2859 
1 590 
1 1001 
1 1533 
1 1292 
3 775 2815 2960 
4 1900 2552 294 1374 
4 2397 2882 1999 1359 
3 1558 2693 733 
4 883 1316 1880 1932 
2 2402 2233 
3 1775 898 2070 
4 291 2835 2361 853 
4 2458 883 2340 2549 
1 79 
2 2091 997 
3 1283 739 2448 
4 818 2052 603 2419 
1 1084 
3 985 2812 2406 
1 1031 
2 179 1904 
1 528 
4 1340 1874 377 183 
1 2930 
2 937 1681 
3 935 1542 2921 
1 660 
1 1187 
3 1957 2775 2433 
3 1296 1419 2334 
1 445 
1 235 
1 585 
3 584 1590 2857 
2 2906 2203 
1 415 
1 1558 
3 2909 922 1852 
4 1604 2120 2200 722 
2 383 791 
3 2144 1439 376 
4 566 1560 1015 1105 
1 2692 
1 1109 
2 305 2313 
2 138 542 
3 2085 886 1319 
1 1486 
3 408 2757 833 
4 1000 1859 749 702 
2 1920 2474 
3 2981 2538 609 
2 1888 808 
3 1414 357 1308 
2 1680 2457 
4 1617 825 2215 1041 
4 213 2407 405 2409 
3 282 2822 252 
1 2809 
3 1662 1371 663 
3 2028 2813 1967 
3 2899 142 1620 
1 2851 
2 1650 2403 
1 2469 
4 1972 391 79 402 
4 2408 728 2375 2552 
4 2773 1823 2766 1973 
1 1857 
2 721 1623 
1 1441 
4 897 1851 518 821 
2 168 38 
1 2755 
4 2407 37 2537 2129 
4 683 1589 1674 2323 
2 1417 703 
4 755 2937 1081 1877 
2 717 2502 
4 2561 584 943 390 
2 2189 684 
3 2910 1916 180 
1 1937 
4 1121 1667 2961 997 
4 73 36 225 895 
3 1054 2898 955 
3 2188 1903 1911 
2 2938 2161 
4 1444 1786 1763 524 
2 1824 494 
1 749 
4 2955 482 581 15 
3 594 2062 1347 
2 1574 2656 
3 1152 228 2797 
3 2711 109 284 
4 84 2946 2351 1002 
1 713 
2 41 2194 
2 1407 401 
3 959 767 331 
3 2629 2310 1290 
3 2586 2781 271 
3 2855 1554 1822 
2 1203 1817 
4 918 1460 1291 2108 
2 2853 1294 
4 2129 2556 1196 1799 
3 1070 32 469 
2 599 266 
2 2583 1413 
2 1987 2371 
3 2940 1989 2680 
3 314 1499 2592 
2 1921 2188 
3 354 1644 2833 
3 2416 1757 296 
2 2852 414 
3 979 2615 902 
4 1034 2174 2011 1825 
2 2790 2430 
1 2917 
4 2734 2340 316 2909 
3 2828 45 2077 
1 945 
2 2015 1394 
1 551 
2 1859 640 
1 843 
2 2912 547 
2 2855 2385 
1 798 
2 793 2036 
1 2098 
4 1502 2382 46 846 
2 2677 2958 
2 561 879 
1 1867 
2 2257 2352 
1 308 
3 799 2397 44 
1 2292 
4 1090 400 2520 2174 
2 2119 1447 
2 1987 331 
1 584 
2 508 2679 
4 962 673 642 160 
2 1281 994 
4 1827 1856 1677 1015 
4 1499 2351 941 1786 
1 706 
2 629 535 
1 1462 
4 1769 2032 1757 2510 
1 1746 
1 224 
3 421 814 2418 
3 846 869 2412 
3 2500 685 792 
4 2921 801 2688 2809 
4 972 513 1333 2329 
4 219 2049 2802 2474 
3 1973 563 962 
1 2269 
2 1975 1127 
2 2967 1950 
3 2746 2897 1766 
4 1207 2066 2083 2225 
2 484 552 
4 1273 102 1950 2861 
3 2765 2271 1417 
1 643 
1 619 
1 134 
2 2602 622 
4 2618 1846 1443 2050 
3 370 2321 1724 
2 2031 616 
1 64 
4 634 2271 366 2611 
4 2418 2062 2704 2907 
4 1016 2127 166 413 
4 438 2249 2756 1657 
2 1104 1636 
1 1287 
2 1962 2624 
4 2627 810 1100 2779 
2 1992 2874 
3 2225 1722 1204 
2 1755 858 
3 307 2538 1520 
3 1804 958 1783 
2 732 132 
2 1603 277 
2 890 7 
1 989 
4 715 2816 2557 2528 
1 424 
4 149 479 2919 1170 
2 919 1935 
3 865 2072 919 
3 2817 1337 99 
3 663 600 2674 
2 623 1027 
4 2373 490 280 1633 
1 2109 
4 2578 2265 2694 1960 
2 1108 2000 
2 2257 229 
3 2495 2549 1509 
1 1995 
2 271 1142 
1 678 
3 1274 1471 2890 
3 2308 2680 1925 
2 35 2433 
2 2495 2015 
3 2121 2102 1201 
2 2663 1102 
1 613 
3 256 1155 1100 
2 2906 1234 
4 250 243 1040 115 
1 650 
3 159 2340 340 
2 370 618 
2 2128 373 
1 2283 
4 2715 1959 736 1647 
2 2818 2095 
2 2824 369 
3 256 1639 135 
4 2172 1516 2198 604 
4 1301 99 1925 2059 
3 2288 1244 723 
4 2969 536 2124 2840 
2 1286 1828 
3 2088 2651 227 
2 1918 67 
4 2244 860 568 1843 
1 2950 
2 617 1246 
2 2962 972 
3 2146 2978 878 
4 485 2293 1398 1238 
4 1074 1784 1167 2197 
1 97 
3 780 2928 2194 
4 1750 2744 1322 739 
3 552 328 2343 
3 33 2553 2391 
2 88 2334 
2 684 1811 
4 846 2502 742 2222 
1 1857 
1 1022 
2 2208 2921 
2 1562 883 
2 11 1314 
2 1604 280 
1 1471 
1 2362 
3 2118 2532 1313 
3 1087 2873 472 
2 2175 2843 
2 850 1651 
3 498 1695 2815 
2 1533 504 
3 150 1092 1252 
4 1675 535 1105 530 
3 2816 1378 1337 
1 2540 
2 996 894 
2 2696 1586 
1 2036 
4 960 2677 29 2631 
3 1673 2270 440 
4 1254 49 1729 862 
1 577 
3 1248 236 1434 
