5000
945 1546
937 509
3041 2061
3841 646
1487 314
474 1667
3763 303
451 3731
4129 2300
4224 4809
4605 996
685 4941
226 431
565 4646
1201 1651
4143 3835
3527 2472
1952 3617
3536 1521
2240 721
3080 4281
3977 1385
2406 223
2046 4735
857 3627
3073 1347
3350 4551
4581 4231
2937 385
2371 3756
3951 2016
801 2461
2131 4066
4517 894
201 2951
647 4164
3191 2074
167 1138
3919 1055
3521 4997
2573 939
1847 4844
2509 1002
4333 4788
3107 1760
2221 2546
3561 4757
4282 3539
4829 3707
381 842
1209 873
4817 4845
4980 1741
4969 2745
4585 1881
3185 861
141 4437
2473 1217
2045 21
405 2461
1331 4974
99 2324
2033 4009
821 3061
3205 1861
2675 4851
4177 1743
2101 1851
625 3126
96 2737
529 3973
3694 139
1273 303
4501 1421
2473 2307
2577 3082
1451 1051
1588 3005
4435 2566
3559 584
2657 4493
1961 3905
2881 549
3229 3220
4676 3101
2281 561
2161 1084
119 144
3891 1146
3231 491
1713 1255
977 17
389 723
4631 2679
2267 2835
4033 1829
4869 1765
1849 1129
774 527
2226 1547
4941 3742
2029 3885
2506 4371
3881 3391
1016 3481
164 333
1475 2176
2214 3463
3619 4495
2964 333
2893 2735
4591 3603
1465 641
3305 3941
1751 2251
3561 1145
4279 3012
4641 4641
4626 4651
412 1717
3225 1351
3305 3981
4956 1621
1517 4392
3897 1754
4119 1555
1345 3711
499 1419
431 1356
4001 408
3939 2895
647 452
3741 570
2521 4266
4930 371
3821 2821
4210 4191
3932 1253
2511 2235
1549 659
2125 4751
2477 667
3137 3270
3217 3977
1642 3207
2264 1289
2522 2047
841 681
4696 2841
4381 3735
690 4631
3400 4201
4955 4286
3999 452
2817 4828
2121 1529
3277 3885
2247 4439
3469 4124
3369 3133
3246 3187
429 3143
4561 3341
4991 3152
426 11
1329 3813
289 1729
500 1501
743 4647
1385 4691
328 2233
1065 2041
2564 2877
4991 4299
4050 2551
2832 2137
4301 3101
2481 2118
1361 481
541 421
983 4779
1957 642
2003 4155
3513 148
1941 3381
579 1728
4921 1121
1191 874
3455 1111
4488 1009
2313 4174
1293 4975
417 89
4842 775
4282 2215
4208 265
3203 1888
4679 1499
4671 3491
1521 3277
1041 2691
1889 4739
2950 1451
241 583
4761 2691
3667 1035
183 444
717 963
511 136
2251 3786
3541 3711
2051 2595
4649 3467
1471 2827
1365 3556
2487 3038
1649 3414
1401 534
1651 1116
3601 4761
1876 3605
4201 4801
811 3446
2006 3731
3401 4311
551 4951
1041 2973
1357 4397
4529 2382
1175 2351
3841 390
1381 4756
1298 4119
3119 418
2816 3561
3780 4741
3330 1391
767 3215
1001 2001
793 4633
2179 4795
3978 3027
1139 3720
2946 2411
3271 336
3418 4627
2226 3051
2025 1101
2613 3163
4644 3525
3813 3702
4827 148
1675 4476
1431 4780
2529 1293
2185 3936
2802 4839
2985 111
4240 3641
2651 2316
361 1841
906 531
3433 3955
713 517
4253 1653
1236 1893
231 4031
2585 441
3761 4961
3401 101
4942 2199
2521 4761
34 1443
1801 4201
709 2148
641 4713
3331 879
1101 4446
3994 1223
1251 2326
284 2637
49 1699
3979 4535
1047 1539
4873 3105
1148 1893
4438 1479
2109 1699
2313 4015
1811 4391
3496 2521
4105 656
3057 997
2628 2557
1396 1781
151 3066
3884 3877
3771 1200
870 3231
1981 2531
4261 2622
3322 379
605 896
3292 397
597 1733
2218 1527
530 4311
1247 35
3971 1286
4058 743
4521 49
2023 4859
17 289
4801 2881
26 1891
2356 3797
1085 4846
4219 2007
796 2805
1410 231
1821 1181
306 2015
1273 3949
2057 3483
1168 2985
893 4245
4381 254
3649 3329
4774 4663
581 2359
1380 3061
146 3647
879 2407
1989 79
501 421
911 3456
4446 2067
2384 1369
139 3172
4581 2007
4401 4413
601 2613
3867 2624
69 4948
1097 2885
849 569
721 1521
4813 1950
2805 1261
2763 4959
1257 4353
1395 2446
751 4320
321 881
3113 4069
1515 1631
343 347
1517 1437
1535 1416
516 3341
2815 1116
3145 311
451 1191
279 3763
3811 4927
4297 4617
4931 4236
1811 611
1897 3530
2858 3179
2585 831
721 2134
4073 443
523 2983
1607 514
3711 848
1579 4923
1625 2001
3543 1570
707 2063
2406 1967
1536 1881
4361 2519
3721 459
1605 3331
4738 1263
3513 4169
1242 3459
277 1142
2529 3084
2171 2356
4309 3749
3859 2967
3051 1074
1670 391
942 3755
1015 3156
4661 4854
1516 2261
1223 2508
2150 351
4134 1119
3791 186
2669 2208
4601 4663
3940 4461
3651 975
4671 3839
1164 3037
4992 3897
3597 3715
501 4931
2901 2821
3297 1634
2849 3617
4997 4245
4696 1969
988 3109
2097 2137
4121 1241
3669 1155
1421 621
1851 1551
4351 1755
2881 2991
2047 982
201 3136
4421 4728
1501 349
2873 4673
1393 3657
2141 4533
1773 2293
573 3583
4173 374
3951 3420
417 1569
2275 1026
1275 3651
977 24
1625 3501
451 1679
1275 976
3653 2628
1163 4570
561 2821
401 4531
3731 3610
309 3829
13 805
3783 1762
1601 1081
4989 3363
1564 469
3151 1291
2663 3127
1351 4408
4156 2341
295 4236
741 1104
961 1321
993 4779
657 4793
3518 3995
203 4575
391 3146
557 2428
872 769
3059 692
2929 1969
1715 1971
1169 2720
341 811
3602 1879
4158 4227
303 4514
1513 3174
2485 546
223 3
1225 3901
3715 1191
11 1512
131 4548
599 1907
2241 2805
4047 2395
1261 139
2069 3493
4335 4371
526 651
3179 595
2903 1819
653 2748
737 4647
3761 1683
2331 1366
1406 2871
2241 853
3367 3242
3953 1609
1297 3503
1491 2900
1141 4456
4883 2364
2225 4826
1156 1029
2803 1883
4781 2811
4376 2017
2097 1785
282 907
826 3799
1177 1493
1281 1881
244 1069
1364 3717
3051 891
1641 2111
4217 4137
1393 1693
4073 3313
2891 3791
1011 1319
4801 701
4297 4495
1429 39
1855 2606
585 1256
4911 4967
1673 1625
4775 851
4476 3093
4553 2560
2833 3443
4957 904
599 2664
24 3385
1948 3229
4465 1381
4919 700
2285 1956
9 4120
2625 2751
3364 973
160 1121
2913 1955
241 1697
3411 2204
1916 2693
1491 1232
857 4847
4617 2969
2288 1057
828 245
4015 3766
454 3755
1609 4915
3495 1031
4846 1379
2425 951
4746 2211
1037 1055
449 4289
3615 466
373 1995
1400 3801
1105 4861
2276 1957
3561 2659
3442 3939
1275 4926
1856 161
4520 2521
2529 2343
1718 3547
1907 1987
3652 2109
3301 3531
3073 2297
473 4622
1751 1031
4827 459
741 3893
745 3521
400 2201
553 3059
1342 395
2081 4516
1751 570
2375 4751
379 4679
165 4231
4679 3083
541 891
4787 239
926 1079
1742 663
3322 3023
4859 4319
3493 1627
2026 2571
3901 3684
2477 322
4781 3531
4489 1113
3251 3791
3985 3216
1045 1491
3681 1909
2456 4281
1391 1110
3079 1568
632 729
2371 4198
1631 271
1254 63
1481 1041
1249 4512
3126 3751
351 3451
3299 2528
1211 3340
1461 4446
3621 4071
1867 4215
2785 4681
2701 476
1001 781
3062 3067
1601 4147
3181 2039
385 3221
4839 4940
521 3749
1585 4591
665 3241
3956 1061
4437 4557
2073 2089
3770 2571
3385 1211
3314 3115
1473 1222
4301 500
4421 4511
2129 1404
3678 995
3135 4071
43 3
4630 831
3217 2675
1571 871
561 4281
2695 286
4526 1451
180 2381
802 4687
1348 3053
1839 1324
3507 755
1881 2161
2691 3036
1093 1902
4068 1117
4819 2248
4001 3476
2261 1835
2991 1763
2655 3571
3086 4111
3641 2513
2281 3633
2829 3693
1733 3423
4489 1993
985 4216
3093 3205
3785 721
1276 2157
525 1901
3161 605
3345 711
4272 3049
459 1330
2397 2543
2109 3933
1851 3026
2071 3016
3281 4345
3489 3145
3361 4121
2250 2251
3081 4945
3901 4771
4527 2542
851 4451
1320 3681
3249 2119
2374 3375
4411 546
1869 2103
4800 601
1755 4131
4721 3281
3036 4589
1021 856
2961 2223
1665 2306
3616 1737
4361 41
2964 4477
4955 2336
453 4359
1638 4487
2691 4546
3589 1917
3879 1163
785 2881
1586 1243
715 4271
1661 437
17 2759
2801 321
1591 2991
2001 2669
3354 4267
1341 2135
4001 1226
4565 3661
496 3433
1601 877
4962 983
129 857
1011 1864
3241 3437
615 4711
919 4443
2641 3621
1529 4519
1961 3081
956 821
3177 4427
3041 4966
219 1679
4233 1897
4206 471
4061 871
1498 3019
4327 3195
929 1237
821 2240
126 3915
469 195
1395 546
636 757
827 528
3633 3258
1649 4595
11 3412
2415 1231
3436 4181
3893 1303
1451 3967
697 1062
1441 3721
1097 2448
4236 1253
937 4217
1381 1653
2010 2091
3112 3193
2021 3461
1186 1791
861 4469
2413 3732
3381 4771
1040 2721
167 2087
1008 2785
4261 613
2161 3816
2379 3415
3008 2553
3601 4276
2801 3526
1927 3715
2649 2423
359 972
676 3365
3161 4316
3504 873
2577 2149
1806 2111
3051 1151
3365 706
1488 3417
3321 3946
24 1977
2697 1605
2811 134
543 1624
3021 4971
2586 367
3791 3382
1244 4469
396 2949
2679 918
2121 2571
2440 1241
381 3331
673 1715
4810 211
1766 2847
2101 3933
337 4903
3703 2700
4466 1671
1345 436
4215 4316
4151 2411
1478 1607
2873 4099
451 4458
2156 3661
4553 2049
1225 301
1060 2621
2246 439
4639 4302
3801 833
3668 2477
3732 1765
4156 741
4176 3801
4640 4161
1361 3941
899 4588
3189 1039
1223 3367
4105 961
3225 4201
2433 503
1377 1647
674 1287
1088 3625
4357 4175
2171 612
51 691
4841 2459
4709 4383
3679 4620
3001 101
161 1681
4901 651
1801 3297
61 1109
4068 557
2841 661
4232 705
2461 4061
3079 2242
4022 235
4168 4385
1055 2286
1226 155
1661 1936
1242 827
351 131
3605 3716
3157 2655
1399 3127
4575 2851
4993 3334
4943 43
2879 2900
1843 4859
3128 3689
1573 1288
3145 3681
3347 2840
4329 3225
1161 1936
3843 55
1 4617
1553 3353
4417 4619
2699 1254
2463 4582
3605 2646
2420 141
1091 4556
468 749
1613 1023
1384 2649
1957 3923
4899 4604
4541 3091
2351 3176
1503 1475
3346 1671
4891 1086
4009 2269
2591 899
662 2327
4949 4397
3226 831
471 106
4605 91
4327 2940
1121 3661
3961 133
4441 2497
1586 4471
1921 1567
3091 4999
1111 650
1357 1694
593 265
1051 398
2921 2871
2049 1177
1538 4175
341 1171
4144 4065
3457 2753
2160 1241
299 4828
3455 2191
2529 373
3951 351
4637 1573
957 1598
1032 1929
401 4077
2313 337
4477 1687
446 2379
3001 1541
1670 3691
2161 1841
4649 957
1353 2653
4293 3413
3641 3931
361 157
4376 1
1600 2201
101 2901
1561 1777
4842 1767
4339 1183
1530 531
3124 3637
399 2772
443 1424
2057 2937
3901 771
3373 93
1908 3517
1086 4023
2878 3295
2914 3943
2059 1710
4986 3271
2949 3245
3521 1729
3309 1245
3003 2495
3158 975
76 3381
1670 2571
1585 1961
4750 3251
122 1467
1592 1993
4241 16
3375 4876
4287 2335
1185 1521
1929 2929
203 4275
2953 4825
2246 2171
1591 186
2649 328
1642 2919
4894 4263
2209 4902
3897 3885
4857 4747
541 2725
1977 2989
3 2902
4759 4270
3015 1706
2077 163
1298 2975
3353 1133
1769 1365
1425 2801
1821 4207
4569 1505
1801 331
3501 2701
3934 4819
2361 1111
2137 3175
4453 3949
3236 13
781 666
1945 2716
4705 4641
4923 3459
306 3323
2545 2311
3429 1685
1691 904
712 745
625 1251
3374 2167
4033 2697
3527 3139
2705 4011
2219 18
1645 4341
3457 2087
2863 410
1245 3611
4941 1829
4875 4876
2385 4081
109 1237
553 4793
2651 951
3949 560
3276 917
921 4061
2897 4369
303 3918
4176 2601
1978 4427
4983 3255
1515 2556
2128 3513
1237 468
1560 1961
2678 3139
3633 1193
201 4761
4857 4852
4889 2960
4247 1383
4301 1051
4045 3271
4441 1881
3580 1661
2521 181
3747 2108
3201 3131
657 3687
925 1651
1005 1141
671 1771
4071 4136
4891 2696
657 3873
2131 1400
431 959
1106 671
1449 673
517 1173
4147 2659
927 152
139 3943
3399 239
3483 3635
4553 115
1114 2695
2193 925
3593 4283
4267 760
656 1953
3113 1233
701 901
2278 2279
2361 3017
3050 3351
3495 311
2657 4373
1747 2638
2049 273
265 2561
1429 4685
273 3889
4066 1395
2320 1761
1781 2573
4201 2909
3293 4064
4609 1085
729 3365
4887 4399
4209 1469
2741 4709
3283 4835
1761 143
2691 2831
1561 1961
1081 2881
4611 1104
3706 1187
125 501
2409 729
3551 3899
3327 47
3033 1417
3833 4753
3747 1108
4881 3266
2801 2721
985 3116
4545 4371
2417 1215
3167 4892
4829 4525
2341 3274
281 2441
553 673
3247 715
1686 835
1397 1573
3481 3380
4091 1356
2886 3587
1751 3466
4619 2620
2681 3734
3217 4937
3737 4593
3594 1347
641 553
4851 2131
3697 4125
3613 437
3309 3080
2266 1003
1881 2506
4495 3771
794 2559
615 3046
3906 2471
3925 2176
3841 2373
1322 4703
2091 4559
3375 2251
3801 1465
2921 3617
200 3201
2526 2051
2537 1453
741 1528
4083 50
4137 4157
835 3346
1810 271
486 1187
615 2891
2876 4349
681 4421
1681 2241
1211 3911
2959 3838
1451 551
4611 2016
1673 2847
4758 1075
1389 1014
1108 1477
366 3987
4411 2491
485 4461
2369 4325
1947 379
1452 3597
4412 1237
1153 2029
3879 3412
3650 2551
2971 1491
2915 2491
3426 51
1063 2439
4768 4305
3961 4466
3321 1705
4993 1324
1729 997
12 2365
4676 701
1525 551
1445 1341
3326 451
324 1597
2150 351
4585 1406
3351 1362
4601 966
1613 3237
705 2071
824 2417
1117 965
1552 3105
2508 4357
2665 1021
4067 2590
1237 3954
1 1
703 4868
2501 4751
4083 1687
1419 2634
743 4938
3173 4362
561 1136
1579 163
4839 1135
3241 2521
3996 4261
3369 497
166 3943
1616 161
1535 1431
3683 2243
4849 1965
4856 161
1776 3449
596 661
3591 4591
2691 4411
4345 1641
3651 3631
2841 3041
2769 4553
4177 1800
3311 631
4863 1412
700 901
2941 1766
4426 1671
4034 3707
4899 959
3001 3776
686 1555
2132 4813
3025 3401
2863 320
2945 1641
1420 3621
106 3163
1113 893
1741 941
3731 4791
1203 1387
1793 1383
9 2097
3273 3378
4791 2544
4951 76
4377 2973
1814 2523
3785 4881
3091 1811
385 2521
1367 4183
535 1306
2261 4666
2999 48
139 3163
2313 4313
4003 2519
295 3291
2906 4731
2809 3777
347 639
521 1431
4116 981
1317 1500
21 1866
3021 2242
7 3302
3261 3331
2726 3771
4301 901
2993 2080
3731 1996
3287 1838
1545 941
931 1406
3449 3349
3375 3251
3882 883
4841 1981
709 1603
3196 1645
965 4381
2192 4105
1961 250
3123 4544
85 4471
125 2876
1681 4421
4338 2039
4499 3092
983 2308
965 871
399 4038
4510 4991
1665 841
4021 4227
2201 4071
1183 4903
3457 3314
3848 1217
2564 3797
2027 2675
2473 3885
886 1019
4381 775
441 2608
2740 1181
3069 299
1786 4063
989 2928
3439 2619
660 1421
2365 1711
1576 4121
2145 811
261 719
124 1085
665 4331
1817 3697
4769 4879
262 4575
3001 2685
3402 1419
2097 2133
2721 1557
1983 2303
3756 1629
665 4821
3841 3856
3873 2049
2353 4553
91 1336
2389 2950
3615 636
2617 4639
1049 2417
2347 623
3773 1959
223 275
4333 1755
2573 3848
2001 3841
328 2985
3007 1578
2651 551
2051 726
651 3371
3629 2949
1528 4337
4767 1744
3596 2181
1981 3566
1621 229
1089 4615
713 5
4831 2331
549 3555
4849 2277
4531 4271
4836 621
241 1581
3103 468
4301 2301
55 3066
4046 4771
3031 1886
3675 2026
1281 1193
1405 2861
1557 3828
908 2485
269 3764
4249 2537
4629 4709
2277 2973
3047 2978
3670 2291
1482 4483
3861 342
1955 3911
2304 4649
3717 1333
3741 1605
2913 3177
4501 3741
2745 4821
4163 3292
2760 841
1697 607
2457 2873
1237 3284
3735 3111
4996 981
2629 295
825 4201
4181 274
3911 3674
2121 169
1849 295
2275 3826
3173 3747
1009 3295
4521 2937
2211 4454
2729 997
4401 3151
2753 949
756 4421
3801 2416
1414 1679
1441 4529
1205 1061
1558 2195
4380 3421
2073 2673
2506 871
201 1950
842 3335
2393 3329
4595 66
4471 1863
2252 1813
4751 1731
3447 3300
2635 2171
3181 311
3560 1921
3521 2820
2865 3471
221 3277
926 1951
1433 204
1 1
2943 1718
2421 3638
3977 2025
4251 3676
1761 615
1726 4091
613 4208
1173 3422
217 2837
1401 3041
3897 3927
3052 2189
1653 4012
4175 2651
2824 2425
657 1442
2200 1601
785 321
3687 1158
1961 3577
92 1773
3565 1621
3053 1810
2093 3399
3865 4571
1433 4219
2147 2852
1831 1312
4941 2571
669 75
3975 4551
2215 986
3727 3935
2457 4577
3167 4219
2471 2543
293 2445
3996 2461
917 1175
1823 1568
297 4817
3449 3869
1165 566
4101 4976
1127 695
3847 4323
2431 1611
1771 887
4009 3514
2407 2338
2610 2731
1301 221
3724 1277
1755 86
1614 4455
4266 4207
1336 4441
3345 3661
3065 2781
673 2893
2249 805
2749 4389
1656 857
4281 331
3966 171
4721 1841
1916 1821
2601 3571
4521 241
3099 3588
3761 1121
4411 1916
4517 864
1846 391
1469 389
1717 4477
4076 101
3393 4178
74 3083
2143 4047
2016 641
3413 2902
3661 4336
2281 4209
2687 3023
1733 1850
1681 849
4191 4591
3211 3896
3815 3066
1651 971
1811 3391
3495 4216
3828 1085
2337 3177
911 4859
4413 197
3023 4122
4897 1945
2743 1883
4025 4201
4513 2965
2333 1765
2551 4151
4036 3781
3302 1859
504 4985
2005 56
3135 2731
2401 1456
4767 1942
4801 4401
1659 2663
2894 4327
3964 4157
2981 2331
57 4604
3001 1001
688 4305
3401 4301
4657 4395
4621 2871
3751 3126
2041 4941
3161 2541
1775 951
4401 2913
2059 1455
3355 2331
956 4821
721 41
4797 255
1369 3305
989 1213
943 2560
4813 165
4997 4989
1473 3748
4197 4235
3403 4607
3181 4611
1374 3395
3456 3241
2657 3917
4591 1338
553 1387
4461 671
1867 4339
4768 505
624 4889
4321 2118
2837 2468
1025 3201
565 2741
2757 2247
2041 2071
3003 419
861 1363
2697 4250
1506 2039
1925 4901
3034 4663
1001 4561
3569 2013
4115 4896
3249 4758
4607 34
1648 97
1997 452
2019 3164
3452 1525
3214 1407
319 2475
1630 1911
1401 3411
1506 3587
2633 2329
4861 1006
2793 2305
3640 3481
3661 1709
3615 1756
2753 4425
2501 2821
469 1260
1966 4591
2792 625
4713 4279
3911 3204
3948 1149
3147 1460
2595 4986
1785 461
2025 301
4645 3221
4481 273
3623 2148
3679 1815
2441 993
3141 2210
3657 485
2954 367
1341 340
4974 2363
1057 3827
4965 1661
1241 3009
2625 4001
4217 812
4493 1819
17 222
4321 866
3423 344
1161 3221
2811 4331
541 821
3405 1291
4461 207
3515 1991
1431 759
681 3173
3716 2221
2145 2961
2396 741
561 2441
1641 641
3823 3788
4347 3023
4671 66
1901 546
4968 3753
1403 3927
1781 4117
4801 4031
999 1959
1151 3306
999 1999
1325 826
417 1669
3337 3437
2795 931
1473 623
4179 223
593 1349
3913 3260
4383 3767
2025 2401
2101 718
643 1719
4869 4215
4729 638
1560 881
4661 3221
2929 3167
3566 4659
3017 3613
4721 2490
3827 4064
3423 1383
2081 4861
1444 197
4553 4969
3369 857
2141 1411
1801 4031
3481 697
3031 311
4117 4703
361 271
1669 29
1181 1766
651 1511
4417 2017
4813 4814
2978 2615
1389 557
3620 3621
4631 4466
3790 3131
3681 861
3361 4441
1601 617
713 4929
726 2343
1449 2594
3081 3241
439 292
1170 1171
1531 4206
1161 4475
1576 2225
3087 4959
4793 1689
1201 2061
2556 4573
229 573
3693 1642
801 4031
2976 833
3265 3661
4708 4853
2193 3774
3701 51
2221 471
4666 4667
3011 606
2739 259
2073 1585
151 1796
3392 1233
1984 2057
33 727
1451 2903
4251 507
2058 4103
4657 4513
4853 4119
951 2306
1201 26
1489 737
3349 4243
4913 2217
4605 3536
1021 736
2641 2821
1594 4987
689 2403
3599 4590
3741 3346
653 20
2457 2028
4623 4247
4695 3531
1689 3097
1903 2502
1475 2926
4666 1631
1697 1457
72 4969
1219 2914
4283 4944
3830 1291
1841 4457
3103 3104
3881 241
289 1937
161 1441
4721 4421
4022 1419
3065 2106
4967 3879
418 3763
3137 673
3190 4571
4541 821
3083 2748
3417 3515
2019 1058
4298 259
1888 3425
1218 835
3359 3668
3705 4281
897 4469
3609 977
4946 4731
1541 411
1753 4205
2964 4669
2909 4725
4449 3553
3301 4469
4775 1051
4733 1918
888 617
2817 73
1809 3215
1753 639
2453 198
2883 363
4505 846
3543 2382
3781 3782
1881 1287
595 1786
2345 41
1799 3363
3088 433
4533 4397
1073 3607
4848 3465
3100 4301
2149 3597
965 2021
1809 653
1302 2235
4901 4506
4301 4031
2801 3036
4013 2365
4826 651
3949 2134
471 1486
3971 4131
446 423
3609 3233
1626 4431
3221 3653
491 2006
2857 4995
2342 4499
41 2871
3151 2551
4879 4919
2305 3761
1739 1300
701 2619
3779 3139
3061 3356
2059 7
541 952
2820 4581
2713 4104
4738 23
3029 4335
3024 4313
41 329
2353 1769
4053 1213
1998 2963
2131 2206
805 4491
1241 2231
4457 2829
2655 1996
1739 215
2573 1607
4890 2471
2901 4061
1705 1841
956 1549
1633 4513
1502 1623
1022 2343
4225 901
3312 3057
4717 4907
989 990
1329 568
4337 1492
3153 673
26 651
3685 31
2636 4269
2139 2808
659 4227
2141 2808
3420 981
549 2197
4790 1811
1473 705
4365 1981
3409 2273
1730 531
1777 959
792 889
4572 4749
3015 1331
1113 3905
4741 4821
4548 1045
4673 2997
3031 156
2239 1127
883 1182
2361 2773
1445 4246
1815 4346
4125 1126
1056 3297
3721 236
4519 4419
2157 984
2229 1268
4921 1446
2597 4269
1335 4371
765 956
2293 4205
301 1021
1851 2551
441 4107
3447 4434
1101 51
1157 455
3037 2149
1871 3679
1593 2745
4873 1873
983 814
4693 4782
4487 1403
151 286
798 587
1081 4861
3630 4311
681 449
3817 1609
3692 3229
74 223
1639 63
2047 3424
254 1859
1641 641
4713 3113
1276 2629
4019 2248
4407 2292
3801 51
2675 3176
1377 1525
2432 393
4477 357
3473 2962
777 3513
2041 4297
3281 3737
3350 3851
2824 3657
1641 4616
4101 51
2528 3033
4894 3535
645 3221
2008 1105
271 448
570 1531
1130 171
3545 4156
4682 3959
2811 575
3087 3004
2996 1725
1033 3265
3541 2461
3156 141
726 3795
1337 1393
4583 414
4511 111
1291 43
3765 2591
4678 2747
2753 2085
3487 4812
2487 4975
26 1535
789 3405
2731 3656
2895 16
1147 647
95 1331
441 3088
3576 4401
2236 373
2421 3788
2057 4369
3855 3856
2281 1861
3961 3441
2689 3025
1322 3339
3936 841
375 1376
3451 2551
2056 841
121 1414
2918 507
1021 1366
4050 3651
2468 357
1319 3374
1671 3460
1945 2506
46 3083
2353 2355
3281 1241
3881 1671
238 715
2425 1826
2217 1605
1619 4143
2695 71
1699 4563
3481 4811
4477 1863
381 2146
2951 2551
3692 3293
3019 2084
4298 3583
3099 367
4495 1466
4589 4862
2277 1527
1737 4432
3426 3987
4592 513
922 1243
1141 205
3707 1122
2225 2326
4973 3894
2513 573
1457 765
2730 2391
2633 587
2851 1806
3155 611
2441 2877
49 3039
4153 3225
959 1172
1712 3833
3587 1632
3011 1408
4170 911
740 1621
572 3749
4257 683
3141 4359
4028 4037
1583 4827
1992 3465
105 2246
3521 1404
2297 4189
4072 4793
4965 4861
496 2441
4533 3245
2645 581
431 4311
1583 1738
2151 514
4181 861
2081 2347
169 1015
4276 45
1335 3111
3345 2286
4921 261
961 4388
4489 253
4731 1931
4701 566
2772 1037
4716 3581
2951 4511
155 4031
3431 1466
3773 4234
2411 3318
1619 1952
2725 4901
1069 589
1166 2471
2523 3950
4441 3821
2525 2576
2734 3819
875 251
2158 4587
4105 4571
938 3459
210 2811
4751 2551
3913 4783
1041 4149
1451 2256
65 3121
347 1042
4481 1697
2481 4431
1021 4085
1071 356
280 361
1892 4733
3193 2177
4930 2131
1689 537
161 1128
4593 1977
1633 2257
2241 846
4281 1861
4797 4595
3313 4879
857 1857
4841 2457
3721 3841
841 3641
1396 1781
4881 4646
3745 1056
1571 2131
4321 2964
3221 471
1385 236
1542 467
266 2715
1705 2071
4451 1571
3613 3682
3343 2122
2521 1345
4825 4401
3701 4413
1481 1266
4101 51
873 1747
1533 189
3689 4604
2337 3697
536 3041
4329 3897
2663 1847
2273 13
2147 3647
1620 861
3069 4692
1713 1252
1380 1581
541 2461
1334 4023
2351 3776
1107 2639
1961 3441
4561 1831
4713 3113
4203 4279
2233 49
2271 1299
2181 1499
3575 76
4071 2131
2089 1713
601 4809
584 585
4597 1224
4793 65
2419 638
2650 3651
1832 1145
4436 2029
3926 3151
3425 2276
3917 3503
3138 1419
1744 2553
951 3776
4119 379
3305 2711
762 3435
4270 4011
1037 629
127 2287
2337 437
1 26
1845 4096
2925 576
4155 2466
3630 1711
4241 4821
4711 4771
2437 2733
2001 21
2881 3289
4601 1061
531 311
2083 1230
1575 51
1833 2822
721 3214
977 1897
3101 2021
1641 3206
145 221
2142 4947
4185 4471
1243 3394
3028 4149
4731 3118
3965 2741
3769 2767
2574 1275
2311 3283
3546 1203
4286 2155
549 3549
3801 3469
3185 2471
4271 3131
3775 276
4677 3205
4984 4889
257 3085
4813 2757
3733 2127
1607 4822
1253 1458
4221 4366
2329 4529
1769 4533
2645 3191
223 2454
2901 2526
4628 2725
2419 4979
435 1966
4885 3621
2131 2538
4747 2098
2408 3177
3865 1441
4689 25
1321 853
2767 3254
3177 1975
361 4441
3579 1687
4805 1421
2261 1875
931 171
4939 1707
2745 1861
933 455
4061 2136
3714 3283
1926 3151
3871 647
991 4416
414 2835
497 3947
1473 3610
1601 1011
4957 2679
2521 631
2789 405
3607 3460
4246 3691
31 1768
461 2661
1739 1303
365 696
1581 4269
3337 3569
45 181
4590 3771
171 1971
2785 131
701 2011
187 2530
2746 4555
273 2645
1652 949
3766 3831
681 3406
2169 3677
3351 266
657 2083
257 258
1423 2847
3947 775
1802 1447
1561 3416
1282 127
3715 3156
3719 1447
1456 2553
2741 3677
1573 3147
2862 1755
2054 1727
3585 2741
2417 1847
3725 976
449 2573
191 1652
703 2110
1569 1693
3237 2082
2243 375
1384 673
1333 3995
1571 2418
3717 455
292 3213
4129 4097
1310 611
2185 591
3833 2315
137 2947
3207 4039
4003 3022
4701 51
2391 2378
1557 2434
113 3617
2545 2521
2353 3825
4911 2331
1055 871
4249 2688
2006 2247
3811 2166
1535 4211
1746 3491
3347 903
849 4055
4554 1527
1332 1909
1619 1855
3301 3061
1450 4651
4611 2942
765 1256
1905 1921
867 2602
841 3641
4737 1585
151 2551
1855 2911
4777 4109
943 3203
1351 2286
3057 649
2465 4721
3081 1674
2862 3135
351 2551
4875 3626
76 4181
475 1151
2573 4910
3941 2293
1897 3795
3433 3888
1211 2111
3422 799
3986 3427
549 4647
689 317
1535 2586
4887 1950
2596 2789
4988 4197
481 4621
2049 3353
1722 2823
748 2677
3141 706
2232 3833
790 1331
4645 61
4147 3703
1201 4046
3895 966
2495 4791
1761 221
233 3389
481 3190
211 1056
3144 1937
1280 4921
1235 3286
1975 2576
981 3830
993 609
1989 2957
1129 2257
4455 2111
2391 2371
279 4230
3362 1983
1526 1723
2341 3120
3771 2963
996 4981
278 4735
1026 2703
2884 1709
963 2743
3947 3139
4791 194
2636 1341
1951 2551
4651 1276
993 2805
4382 1067
1177 1497
1377 2033
1836 2541
1551 1531
2089 4964
179 4130
3391 3686
762 1483
4471 2732
4272 4329
4681 3621
1670 71
2361 4167
2266 3375
863 384
221 3316
450 2551
3117 2149
2309 1928
3351 1008
3977 564
2001 51
2871 35
2715 186
329 3819
4530 4791
273 2559
3641 3025
1881 241
1881 2573
1265 241
3877 2835
2801 51
265 2191
2383 3874
3861 3611
1297 603
1721 145
4086 3011
511 3067
3003 4070
3497 3929
2573 3797
2796 757
313 9
1691 147
4721 1308
1382 2719
4776 4401
1980 2421
4697 4698
1817 413
2856 1417
1801 4409
4921 4945
3097 3209
2219 1455
4946 3327
2092 2093
3857 1849
3041 1231
1753 4145
3037 2519
4563 2135
251 2511
1617 3809
2681 1449
4601 2657
2116 581
449 655
4946 1383
3504 1617
1733 4379
4926 191
1009 4217
4343 547
465 466
1611 2663
3776 441
281 1183
3411 1823
3046 691
3297 2753
4999 4978
4757 1879
3951 3776
723 4339
1592 1617
1599 2590
3816 2777
1821 3736
3438 959
4163 794
4081 2836
172 3957
527 3163
373 4850
4006 91
2506 2891
2361 4441
1491 3767
593 2279
1377 3263
1913 4477
333 1989
3871 1132
3825 4801
341 3871
923 2459
1229 2375
4177 2205
2563 462
1956 3669
4281 621
2455 3291
225 2701
3921 1735
3357 853
2841 2620
4181 2671
4122 1175
3291 1260
1649 4789
3926 3151
1394 1395
1441 4585
3742 3359
1081 4322
3137 2549
4231 3478
3145 161
4515 2991
2817 73
2468 1445
2457 2937
1331 2847
2516 2709
1891 3366
4678 4867
3751 3776
2517 2688
481 1545
2863 2384
446 4531
2911 2640
3101 1637
4076 4725
4917 187
4889 2897
3373 477
2043 3495
2123 2739
2993 3595
3718 3079
3389 4392
2729 1833
2497 4977
4777 1210
3244 4613
211 1478
4069 4760
1465 3761
181 3146
4113 973
3801 51
2793 4377
3933 2197
2801 51
1253 2627
4046 3715
141 988
2591 2731
1649 3193
3253 663
1635 4831
37 2147
4656 3281
3533 2788
1495 4286
2861 4549
3651 2551
2465 2761
2081 3674
2852 597
2177 2249
1019 1495
3661 3221
2969 955
3321 2656
3470 1971
2449 2349
994 3887
2785 1841
981 887
2017 4545
271 2711
2815 631
1771 2406
1763 868
1277 3743
3117 2734
2210 2491
481 3861
956 813
4883 4650
1668 53
721 3261
296 1809
4592 9
631 1311
4365 1191
2787 1972
3117 2085
2603 2810
2831 4931
1905 1441
1456 2993
3986 1399
4859 4079
1572 325
2641 3385
2827 2427
4841 4277
3154 3239
4521 2816
3059 4954
2912 4393
4153 4345
2321 2483
2175 4851
4146 731
1065 3521
2727 452
1551 2756
1333 2667
1061 611
1541 166
3154 3619
962 583
4031 892
1226 267
2361 553
1537 3369
3411 1483
3431 4396
3725 4901
3519 2039
3777 74
2825 3651
1881 2669
2901 3071
581 1956
2780 4021
971 348
4529 400
3807 1422
1845 4336
2229 2413
3336 41
745 961
2606 4603
2900 1901
4096 3673
4289 2249
2596 93
1105 996
218 43
4763 3579
1416 3057
4697 305
3685 3181
2521 3656
211 4496
1365 46
1231 1931
2953 1745
3361 1661
1825 2301
4904 2025
2886 1379
411 4386
4397 1484
913 3653
1259 4354
3999 3960
611 4166
2206 1031
3921 1947
909 3180
4081 4861
4601 1061
1751 3776
3817 4354
3261 4573
3865 981
2345 1591
1807 3544
2769 2375
3466 2223
1769 2457
4551 1858
1761 4089
2867 484
91 2731
361 2275
2709 2742
2289 3313
4139 3279
4505 2281
3809 1664
2064 265
2759 699
3996 3797
4737 1325
4289 4313
2349 2384
3973 435
193 4265
3953 2907
2641 4231
1573 4439
785 411
21 463
1719 4860
4098 2039
3401 1447
3680 3241
2769 539
4775 2576
1491 3767
2127 383
3611 2500
3641 2589
4989 4275
4089 3053
4814 3327
22 1123
1014 4967
2634 4779
2301 2352
4177 373
3706 591
1623 2119
2367 4974
13 677
1711 666
3949 4043
401 26
658 2507
1457 399
1241 1134
1593 3675
3537 4037
3868 3685
708 2125
1121 4841
1631 2086
907 3072
4123 1504
3169 3240
3796 1189
857 2425
4197 3245
665 2661
1081 2836
1409 177
39 2614
45 136
4071 2486
2887 2447
396 3861
1338 2887
4903 4084
4173 1959
3873 2873
2417 1940
708 2037
2409 4273
1685 1906
3891 3911
4236 3261
3764 4493
2887 2323
1612 3853
4814 4979
4361 1661
3933 1192
137 1029
3865 2761
631 3931
3351 1756
1250 3751
4316 2381
1572 893
2992 3737
137 1645
315 986
958 1943
4779 2487
4084 1797
4250 2251
1137 4563
2801 51
3401 4061
2091 4459
1813 1147
3288 897
3211 1423
11 111
4603 4282
2597 3493
4063 4694
2218 4887
1310 3931
1509 3199
1759 1843
1853 1357
194 1447
2761 2007
146 4819
3153 3733
623 4362
1527 932
3519 3520
296 4241
1221 410
2707 2899
4047 223
3486 39
4945 3241
3267 1278
673 385
3461 4966
1075 4351
4278 2727
99 4852
4346 4031
2001 51
4106 1227
3556 1013
1196 2725
4221 1106
997 3989
2197 2200
3309 3395
4239 1844
1461 2533
4375 1251
3104 1929
2866 1291
183 2138
1750 751
4753 3639
4303 3060
278 847
2651 806
627 1930
4562 2555
769 4609
4057 4737
1726 3151
925 926
4751 2551
3785 1961
2663 1195
2964 389
4757 3197
3529 3233
1439 1414
629 3210
2058 1423
1276 2109
801 4056
431 171
311 886
380 4181
2771 3971
505 3686
2863 4398
3937 4607
4177 3913
1601 814
3731 2896
4536 3041
585 211
2835 2731
3106 4619
1316 4741
4172 2517
3693 1703
1220 2341
1805 3861
4416 1241
425 3401
4905 441
4921 261
3311 1556
2385 1781
1037 4704
1091 4458
4953 1805
3384 153
3251 1316
2347 2859
2998 1963
1224 3049
2419 4828
3291 2334
4525 4051
4477 1340
4241 4461
492 1477
505 3031
2292 1877
1683 3759
1665 3241
1910 4211
2373 1278
2729 2367
780 2261
379 1983
2673 1073
4825 801
81 185
1441 2641
4613 4459
1681 345
2681 861
2866 1167
4641 4871
281 4671
1201 4046
3123 1215
2667 350
4132 2189
669 423
1292 1565
1236 341
3315 531
4796 3781
3417 2337
560 561
4068 429
2133 2134
1336 2793
1689 805
501 2526
3263 50
325 3651
2879 2588
4801 2041
753 1025
1153 345
861 1495
769 378
4553 3213
926 4263
1805 2741
2557 1027
393 2009
3594 1723
3622 2283
3373 754
209 2525
1701 4071
3943 4835
1017 2545
851 2551
3921 2525
71 711
3423 4843
4598 1383
3281 1547
1608 1257
2509 3104
4026 2015
4616 25
3066 3631
2021 2429
1110 491
1682 2603
1397 4117
1346 4031
3526 3151
1838 3007
4587 2242
4868 2213
4968 3625
3825 651
505 1161
997 998
1305 3521
4763 2440
1792 1793
1765 2661
3485 306
4603 2855
994 3647
531 311
498 4403
283 4812
3901 4506
3376 681
1379 1015
4573 1213
721 3841
231 2311
4519 3255
6 211
681 3137
2547 1035
277 4128
4009 1037
1429 2877
1163 3142
4952 2553
1260 4221
4409 3819
1306 2055
4619 4427
2578 4139
1010 4091
4796 1941
1441 852
2161 4661
401 2833
2645 581
1065 4821
4431 1672
2729 955
3701 2061
1329 2399
4491 2096
3386 3511
26 651
1643 4078
2991 4686
241 785
1889 449
1900 1101
2755 4386
2354 4143
4174 4483
1268 4309
1001 3019
3177 727
996 3885
4026 327
1193 4545
4441 2206
3050 4451
2673 3997
1257 4024
4333 653
2746 1111
4803 3228
273 820
3021 429
761 221
561 3416
2001 1059
2736 481
1988 2173
451 4511
785 2681
3441 3877
1002 3127
3721 3377
517 4307
3364 3365
4702 399
1301 3061
1587 2458
1257 4024
2393 4612
4106 103
1691 4259
4184 1337
4043 334
4895 4266
3821 3211
757 3150
2056 281
451 4923
2916 389
4909 2453
261 3916
1021 1156
945 791
1393 4005
1031 3303
3349 1934
277 1635
2498 2479
4834 519
2233 3933
4793 2310
1655 991
4937 4497
2721 29
1129 3549
221 3316
4226 1239
4216 4041
3317 802
3361 2221
4201 26
3649 3133
1245 4941
4081 3973
2714 847
2513 573
3517 4069
3561 2441
4397 2765
1285 1821
3913 1955
2413 4479
985 2281
101 1061
1041 821
2431 3759
2395 3071
1501 51
2469 3637
2541 2789
1035 206
551 2551
4427 3384
2658 1823
806 2091
3689 2135
1187 2660
4739 124
2541 2871
3471 2066
1484 3973
304 1993
1521 4967
4945 4671
2076 4445
1673 153
3905 1531
4395 4111
3305 1946
241 1508
4951 2551
4633 2065
525 4701
1321 3211
2076 1053
3245 2416
827 2254
1825 951
2357 277
755 2096
993 1777
1656 1145
445 3141
3603 2207
4967 4803
3253 543
3826 1783
3154 2775
109 2413
1441 1616
1320 2161
4926 3151
1593 4872
775 2976
4787 4138
3201 4021
4667 3023
1896 2905
1184 2497
2485 2096
1584 4945
3461 1902
2176 4033
2631 3134
1547 2103
3077 1159
641 513
337 3873
665 4581
3997 3803
2577 1695
82 1887
1741 2231
212 637
3341 139
765 2486
2924 3365
4325 426
1361 2665
4377 3867
4681 3517
885 1861
2209 2673
1201 4021
2424 3017
1793 3689
1400 4801
2632 1345
2913 2782
4919 4758
1190 1171
1531 311
1547 4035
537 3963
483 3695
1103 1327
4465 4671
4913 3087
751 2551
4829 3975
4657 2653
1789 4130
3151 3776
792 393
2976 4881
4029 2813
3601 4066
1385 1481
2537 1037
2662 255
1925 1951
1711 3060
231 2706
207 1243
871 938
4401 3670
2328 4417
4775 51
2941 1461
3785 4811
3591 2731
21 568
940 3541
4873 4239
4801 2041
2425 3201
4585 1306
961 3845
3689 4025
4831 3311
1521 1261
1901 1902
3427 1968
2309 3923
2305 2591
4968 4777
851 1806
4138 2243
3025 1301
4701 1413
549 2197
925 1426
683 1200
2051 755
401 1041
2281 2737
3079 3107
4677 957
21 925
2661 323
1223 3130
2936 1017
1597 2493
4313 1033
1697 33
3505 1281
1546 3915
4457 1969
113 4069
1025 1401
4285 1381
541 411
886 2275
341 3189
1951 1090
193 3089
573 2607
1221 4421
1857 3849
4072 969
358 2519
926 4263
2386 1459
631 4466
631 1503
52 885
1313 3834
2109 1707
4348 13
375 2751
145 221
501 2526
1057 4763
3907 1142
613 1035
755 4631
929 4729
2281 1861
2245 4086
1673 3575
68 4557
1041 2067
1613 1939
749 1479
1542 3315
1324 4877
2753 3380
785 2561
2211 175
89 980
991 4506
129 4129
406 3655
2863 4603
391 2347
73 293
2007 3414
93 373
433 1692
367 2388
107 672
989 715
1489 2319
457 1050
1251 1276
1787 3990
2623 988
2233 389
3201 51
811 4599
3151 2551
3382 3359
2458 4855
681 1309
148 2253
206 3447
2161 1441
73 147
1401 4036
3103 4799
4222 2875
1675 226
277 1663
1591 2731
1540 1581
1961 4909
601 51
3501 71
1009 1505
2296 3321
61 1831
533 4925
417 3337
251 2551
560 2281
4490 831
911 2755
253 1013
442 1659
742 4099
3393 2153
541 411
175 76
577 3465
534 1943
2279 2694
941 4228
185 741
1233 2127
1585 2061
2554 4499
529 3465
2091 4459
661 3221
2071 2131
2133 2454
513 4105
295 2391
745 2881
1057 737
625 2501
225 3601
88 2553
97 292
2614 139
2136 4761
433 197
139 279
1436 3877
3313 3598
211 2955
1703 3012
4291 3207
1055 871
2241 3425
2161 2797
487 4384
2319 1460
1407 3467
3017 1885
2071 2900
1912 3689
616 4241
463 187
761 441
743 4380
970 3431
241 785
1555 2536
133 799
1205 3741
2689 4073
833 830
361 2889
3017 4987
325 2551
127 382
253 3037
381 2240
177 2789
2279 2487
3541 2461
4155 2611
829 4068
898 1963
3686 2731
406 3271
1004 4237
3865 1441
400 3401
397 4293
3844 4485
2209 689
154 463
121 243
736 761
1027 3540
2681 2241
4061 4271
364 2013
931 2723
7 22
1393 398
325 3901
1249 4949
2251 2551
1450 3351
625 4376
2347 4799
833 3329
1601 2465
936 1481
671 1711
145 1161
2755 506
771 2406
1793 409
2113 233
417 843
73 293
55 56
541 4739
698 3619
246 3611
365 4491
211 634
16 81
2147 4527
2143 4294
1105 1521
1313 2017
761 3919
127 2287
1768 777
1021 2072
1016 561
507 578
1925 1226
1801 1046
511 3688
820 661
507 578
3163 1107
2815 3231
1233 2127
929 4865
31 466
409 4909
3641 4333
65 66
1045 3811
477 3110
3529 2328
1205 1816
183 2380
3069 1072
9 37
477 1679
601 4425
64 577
545 4266
1324 4877
1939 927
3333 1645
463 280
589 3247
346 191
176 1233
289 405
41 411
2406 1391
385 1161
2395 886
351 2286
1191 3371
1334 1355
1561 2465
28 757
177 3895
967 3539
117 3394
3016 721
1849 2035
3485 3496
737 3585
3431 3120
2206 4271
1887 2368
204 1429
1975 2826
1542 3315
2727 3170
2863 4603
2101 3536
151 2266
4222 2875
2241 3436
323 4523
697 214
4161 1305
199 1792
421 53
1542 3315
421 895
379 2275
1121 4236
49 589
391 1731
193 1177
2341 346
19 172
1179 3099
1444 1317
1093 1837
1086 3011
1072 2537
373 2239
1951 3531
191 956
156 781
4551 3571
1513 4729
1591 2731
3537 517
1961 2271
1893 1400
2353 298
1473 2759
1219 352
4201 4071
705 1281
1259 1584
937 3733
945 756
361 2997
1051 1786
1945 31
121 3631
71 143
316 4909
469 629
1089 4849
517 2232
2796 229
1697 4305
1721 4004
127 1779
343 3088
205 2461
385 4641
113 905
811 1496
2036 333
358 2519
2843 4895
163 4402
518 699
97 3105
1559 4243
82 2215
1353 179
1625 1001
3658 2403
81 1297
3457 1679
156 4837
1299 3579
581 811
3001 51
1321 2841
265 2121
705 2756
961 3441
1378 279
163 1468
289 3469
2680 961
421 261
2727 3167
274 687
1521 841
622 4307
1873 3048
403 2002
171 815
937 3725
749 933
300 1901
625 1
1741 4461
855 2156
1644 2133
166 831
1973 4165
1741 2231
265 2916
1841 3641
715 1466
650 2151
681 1578
4217 1455
51 256
625 1
683 27
2205 3791
1326 279
687 4619
115 346
1639 2615
521 211
190 1331
391 866
511 1062
541 4477
511 331
3697 2033
2757 3365
981 3070
3820 941
371 3728
417 843
919 4814
1585 4611
417 422
946 4191
129 1033
1721 4004
137 275
2125 376
69 1174
441 4405
2241 497
1969 730
2002 3139
552 489
781 1716
1108 429
2113 233
1111 3331
1276 77
606 3331
649 1683
2185 1771
581 3699
1905 4771
1082 4887
452 4973
1057 3825
751 3776
1401 3071
31 94
1810 3871
1057 3255
4341 3871
3844 4485
386 2703
3333 3318
286 435
1081 2431
1051 1786
726 3151
521 421
757 1795
133 1464
197 517
400 2801
540 1461
1611 1386
493 214
4555 631
694 3723
2941 1461
3295 996
225 1301
1723 644
2145 3716
253 1519
751 2551
801 633
2539 4334
1036 541
465 3486
321 1421
226 1131
2774 379
1000 2001
1981 3861
154 2855
2707 3663
57 799
127 1144
2059 892
157 3165
1179 1550
1057 369
397 3574
2143 7
2311 1771
898 1963
862 343
1148 2477
261 3573
127 2668
244 1589
1084 1789
919 1543
4131 4171
673 1537
511 331
126 3151
2485 4191
248 4713
925 901
3022 2255
2125 1501
1216 4721
2539 2107
1633 523
217 3907
1233 4049
105 211
505 3281
470 3291
4081 4861
397 4293
1079 2872
55 1486
591 4870
3214 3915
441 4405
661 4543
1892 413
1081 3646
1625 2126
781 1716
4761 3749
706 3183
577 1925
386 2703
113 905
1331 579
1275 3151
3697 2033
737 3585
58 3307
556 573
1009 4217
1370 691
727 2983
3037 443
2346 2183
1863 795
3585 4441
449 145
2146 3031
1291 3731
298 3279
218 1759
2751 1306
161 2577
337 1177
197 2759
900 2901
1975 2826
1312 529
2071 2131
1293 3963
1741 490
1101 3445
208 625
372 4717
1751 2551
3221 471
2926 191
49 99
1153 345
827 1579
216 4289
311 3111
813 2155
561 4636
541 4477
241 1929
898 655
2696 2105
641 2821
331 1987
2830 1031
397 4765
897 233
561 2855
1726 4095
2341 346
561 1417
2269 2527
421 4471
757 3627
961 1505
1021 2072
3921 4471
433 393
898 655
1961 4817
493 917
4013 2885
2433 713
197 1380
421 3421
1401 4229
1179 1550
2817 289
3265 1516
1081 4861
937 2489
1793 409
1121 3471
2136 4761
3771 116
369 905
3265 1721
505 1211
701 4021
946 4599
601 3031
4557 320
1613 4
3181 861
105 211
625 4376
1057 369
2584 2793
2386 2371
985 3641
497 815
430 4191
1427 643
925 351
71 2486
1729 657
2581 4861
541 1493
741 2418
1241 3472
481 3861
721 1537
3537 517
565 1556
457 2367
3025 3351
2419 4342
375 2751
496 4465
661 3627
2593 4465
1167 1852
1073 1892
2437 2355
1177 4435
1585 4741
481 4811
474 215
1301 1021
273 2185
545 4266
1857 3849
919 4627
989 715
131 1704
631 4171
485 336
1717 1662
232 1625
1561 880
4489 1275
281 621
63 64
951 2551
209 869
225 3601
1160 761
1597 4717
562 3547
1891 1731
87 3742
1801 2041
193 1545
577 773
3287 4212
302 2987
705 2756
127 255
926 3151
3083 1562
199 3583
1912 3689
3777 1729
1431 1483
3235 3511
2881 3289
1973 4165
414 4427
1803 1303
256 3057
1629 274
2789 4350
1729 657
856 2841
1765 1486
513 2833
806 3211
109 219
31 94
136 1121
628 1909
856 3521
148 2253
415 2491
191 956
610 2811
581 811
2171 1971
3022 167
1601 51
265 3746
2680 2761
2731 2516
430 4731
106 2227
1301 2526
355 946
985 386
1559 3920
2361 4441
1489 2319
2347 2963
3214 2483
1306 3771
1765 1486
894 2019
196 589
1973 4435
1026 2067
736 1041
3585 4441
1076 1901
745 2881
44 45
533 4925
257 2057
465 3486
337 4437
1928 617
1135 646
1365 61
2669 2775
495 1436
919 1870
11 12
1921 1473
1141 38
3225 2701
45 496
761 3919
2361 4300
2481 3823
2311 1264
1769 293
67 4423
2224 1737
3137 673
361 831
481 4431
1740 4381
2279 2694
415 2491
342 3763
2241 3436
185 4256
1549 765
1381 290
1313 3834
52 53
2409 4905
2341 1300
1079 2872
1567 2310
1272 2153
89 3917
3844 2173
3175 4076
419 4610
204 1429
3966 1927
1105 2681
324 509
406 3655
1471 1486
29 407
1201 51
307 220
233 1865
1841 4687
169 677
2773 3019
2080 3641
2729 77
989 2583
842 4419
3301 2867
913 4609
565 1556
109 3925
386 1231
2710 731
474 215
235 4231
2092 773
2536 4841
532 4789
67 135
1841 3641
2586 2231
1891 1186
1021 4429
323 4859
121 3631
631 680
133 853
2369 1617
723 3738
553 439
351 2286
534 1895
1513 2365
451 4511
2321 2841
687 4619
1312 529
1521 841
2047 3458
1985 3521
461 1207
67 135
3287 4212
1108 429
3901 4061
391 1731
311 3111
1220 4661
628 725
851 3935
1243 768
2495 2286
1518 1167
865 2681
2593 4465
900 1101
505 4546
1569 1882
2807 4123
256 3057
631 3835
49 99
617 1788
1538 1515
245 4946
41 165
3711 1684
1081 3375
676 141
1429 19
47 95
1625 4251
631 1359
1297 39
649 2524
1701 2835
1376 4401
1241 1943
2908 757
3481 3861
1509 3762
2201 51
139 418
239 3127
96 1825
2319 1460
2839 2078
111 1111
829 4068
2041 1641
4289 4497
769 4609
784 1169
451 4511
1037 4037
726 1055
393 4258
391 3911
3535 4171
325 3776
1777 750
2605 4411
1306 3771
1045 611
419 4610
781 307
1741 2231
1486 1731
166 1827
1217 3124
761 4460
4289 4497
1082 4887
2785 3681
2227 3032
3865 1686
2001 41
941 3821
55 166
201 51
1108 4917
2011 4738
990 2771
379 1823
175 76
925 351
96 1825
2991 4416
3133 1715
99 4852
2184 3857
2705 661
1537 3369
19 172
1981 747
2143 10
1939 524
1351 531
3539 880
589 3247
610 2811
885 1506
1954 575
101 506
126 631
1837 4199
253 314
208 4353
2591 868
443 1519
2495 2286
2185 3621
1667 1679
2221 3261
1601 4041
901 546
1937 229
29 30
573 4797
352 3729
178 535
452 4973
872 1337
1756 3485
1161 1441
41 42
55 331
373 3127
737 3585
477 3357
1441 3231
2113 2617
153 2908
630 3311
3305 81
57 400
4624 4057
73 439
2521 841
1259 1584
3901 4061
133 1597
78 547
2968 2625
793 2447
67 2212
743 403
449 145
331 3642
1225 3301
162 1135
1021 1261
496 2441
3535 1496
2481 4241
2210 3871
953 3369
513 4105
958 1615
1201 51
53 690
2133 917
13 79
123 247
145 436
183 1282
561 1417
26 131
320 3521
961 3065
216 4289
52 157
2201 51
514 4767
69 1174
1441 4846
573 213
625 4376
2332 1917
630 3311
3571 4971
801 51
265 831
3214 3915
60 61
1520 2121
36 37
2857 4277
45 496
666 3311
833 830
1441 4846
3777 2844
151 2551
1712 1009
625 1
1217 3945
381 2240
1496 2241
589 3247
49 197
2379 2983
281 1241
145 2611
171 2908
162 3727
738 4447
421 261
526 1047
82 2215
973 2543
900 2901
481 4241
321 2569
3601 1061
3576 2441
188 3197
647 1000
2201 1056
2171 4603
793 2339
2458 4855
148 445
1793 2377
741 4821
517 1205
353 2825
990 2771
801 51
613 2069
1122 1199
49 785
3112 3713
361 2889
1361 2549
95 4466
562 3547
1821 989
1599 4367
561 1417
401 1041
2110 271
162 1135
1633 523
481 3849
687 4619
4761 3749
3535 1496
16 17
1961 3441
137 549
622 2919
1729 329
361 2221
736 761
393 503
1035 3646
1000 2001
119 239
1635 306
3381 4766
628 1933
1613 4
820 2221
68 69
385 1161
811 1898
241 2231
1933 4125
601 2213
1105 2681
265 1661
2197 4093
2161 1695
551 511
970 1491
1737 2273
49 1177
2402 2699
3539 880
3 7
2667 355
3673 3343
42 43
645 3061
833 3329
2386 2371
1335 1411
41 206
2509 397
1426 651
269 1077
1537 1889
153 1225
3753 169
226 171
577 773
1108 429
1601 26
1429 10
481 3861
393 2009
565 1781
54 2863
875 3251
1189 2805
1009 3568
3301 2867
612 3765
1135 1506
1431 3016
638 1263
151 4531
91 547
1450 1351
67 135
3521 3656
4421 2366
1335 3716
1035 3646
1231 1931
1810 1271
353 2825
1737 3637
1241 1943
337 2023
2206 2211
2036 1981
2121 4841
1937 229
703 3982
2379 2540
1016 561
841 4436
176 1161
2601 4066
610 2691
1793 2377
604 469
761 3919
3934 1447
205 2461
18 19
281 1125
199 598
2861 3773
769 4217
2593 23
721 2446
757 2253
606 1667
1639 3922
514 4767
373 4477
939 3147
1051 766
1061 1234
211 634
811 4331
673 3267
3287 4212
4088 4369
1513 4729
2651 2551
595 711
3186 2091
2481 3823
827 3794
2839 2078
19 343
406 3271
105 211
1681 689
379 2275
511 3688
97 1553
1197 63
897 117
2416 1705
2017 2613
217 2813
217 2605
1001 41
1221 4482
209 435
260 1821
201 1006
211 3166
3011 4474
2281 1861
3351 4518
3820 2741
817 2779
1501 61
871 519
2806 3107
869 1940
526 3151
186 931
189 757
2899 32
122 1343
529 3465
2361 4441
3201 51
2566 1263
81 3241
1873 2397
481 2216
2209 689
2751 1306
1377 4212
66 331
3017 4987
1537 3777
311 4283
1089 3514
1611 4107
161 1611
1801 3061
961 3441
2377 4589
852 4597
757 440
58 1103
1089 4053
3521 3656
898 23
145 871
353 3884
2036 333
2465 3461
1861 383
37 445
1962 2595
496 2321
1441 2641
2539 4334
2065 3796
97 3105
1458 199
2080 1041
951 1139
604 437
1891 96
671 4958
1537 1889
3796 1925
96 1825
1850 4551
1856 3369
2692 749
141 1411
1341 1821
641 641
2110 3071
2002 3139
1273 553
4341 3871
280 3681
2547 650
1795 3856
3340 421
2915 731
286 435
441 4703
1123 3183
1226 75
751 2551
1373 3445
157 629
491 4060
2433 713
559 32
1420 1861
1765 4131
859 3348
2791 3043
953 2403
523 4708
3706 891
976 4401
51 2551
343 3088
1915 1391
3829 2083
2445 2141
701 51
1024 3793
302 2987
169 4057
2386 1459
1401 3457
1289 1093
2245 1331
1441 3231
1324 4877
685 3221
1141 3461
2211 3716
1149 2173
330 511
91 456
813 3578
485 336
541 4346
3137 3714
1396 3277
239 3347
415 2471
589 2370
1427 2822
193 580
2465 3041
575 3576
3539 880
1681 861
463 94
513 2833
3641 4871
2245 2661
445 341
2977 4575
345 2761
973 2515
2761 2007
3934 4239
1552 1217
622 1795
3686 2731
428 1109
2685 3786
3446 3991
1740 1781
2341 461
760 3361
3101 2263
2729 77
1233 2127
157 472
1261 661
337 1177
237 3984
2566 1263
22 23
2685 3141
1831 1692
1497 2935
749 1479
1201 2649
2146 3031
2667 355
1948 4285
2500 2501
1509 4235
2949 4757
672 993
145 2321
987 3624
1531 3896
186 931
1365 61
771 3971
723 3738
3061 1112
947 835
1243 3562
1191 1686
385 3481
2868 4949
1321 2841
16 81
2737 1010
109 219
4831 3171
92 1197
1345 2281
993 1567
676 141
25 201
3316 541
329 3490
2014 1463
2081 1593
3451 2551
1027 459
163 2935
175 1051
631 3835
900 2901
33 265
109 437
2357 1135
852 1525
1681 861
1569 3933
205 1231
3845 3391
2821 4261
551 3776
2653 2957
352 3169
2241 3436
1396 3277
533 4925
456 961
281 2869
37 223
1063 2718
2001 41
703 2418
265 1661
3713 355
145 1741
1459 3787
97 389
241 2893
301 1807
3585 761
452 4973
842 4419
94 283
856 3793
883 2363
3585 4441
2302 4779
1587 1263
393 503
1953 2497
144 1873
751 2551
1729 329
687 4619
481 2216
1198 2763
202 3535
925 901
1939 3890
784 2737
2480 1761
1559 4243
1312 4929
421 4736
373 4477
1921 2631
145 3481
71 995
136 1121
2833 2148
184 1225
86 1463
2729 77
4131 4171
885 91
3197 2397
1561 1466
57 3193
514 4627
841 1821
1509 3469
2791 3043
703 2963
478 335
211 2111
31 156
337 4155
92 1197
2211 175
301 4516
421 261
751 3776
537 4297
51 1276
841 461
507 1662
955 2191
31 311
1378 2207
1281 1985
3364 1749
330 2311
19 39
126 3151
2197 4093
1233 4253
886 2275
323 4859
521 841
2323 443
41 83
1365 31
2926 1671
1666 4971
3485 3496
1985 2041
463 3242
3597 3015
1601 4041
358 2507
1105 416
1331 1586
783 1019
157 1124
3246 1515
897 117
78 547
1059 4358
13 53
2401 51
1041 1657
2977 2897
217 2605
3905 3206
1288 2505
834 867
281 3935
1613 1939
358 2507
1141 2821
1331 290
898 1963
1651 2551
817 3890
2839 2078
47 2163
51 52
133 2927
3727 2164
4217 1757
2773 2013
806 3211
1249 4977
484 3397
2661 1271
1939 3683
3829 2083
755 4816
1027 3487
1179 4803
1105 1246
3901 3566
2402 2699
1561 1466
673 3845
1521 2799
991 4596
130 591
29 117
916 877
2509 397
2401 249
181 544
723 3738
17 18
1651 1276
1277 3095
177 2789
1912 4569
2161 3729
386 2703
251 2551
568 337
1787 2907
151 2266
157 943
513 3209
651 2316
2908 757
441 3821
1497 2935
1223 1799
1667 1679
1233 4525
3001 51
137 4659
550 3551
1587 1808
433 589
961 377
664 897
1768 777
3697 4003
345 2761
2445 2141
3585 4441
3418 4007
3597 3627
617 3575
3706 891
757 1197
361 4441
61 611
3571 4971
2341 1733
1561 1173
1657 4334
421 4211
775 3951
1944 1377
1176 4401
291 1879
2353 1769
73 1315
1625 2126
2413 1672
233 1865
1933 4125
885 46
78 859
369 1975
1921 2945
1613 3877
229 4352
229 3054
178 503
2593 4465
1171 1079
50 51
393 503
1457 2883
1301 51
13 40
3333 3318
2263 1255
2113 2617
685 4661
1882 2107
2245 3171
1657 4334
1177 2957
237 3984
2968 2625
4285 1381
1458 199
2047 103
3137 3714
1381 290
85 596
2509 595
176 1161
2753 3380
197 789
1327 4503
137 4317
262 2599
1561 1466
1850 4551
953 3369
646 4691
3241 15
2449 3165
3417 1353
2853 1887
885 3011
2959 1623
1191 1686
