5000
2801 1237
521 2081
4297 2413
2409 3553
4110 4371
2616 3729
49 4045
2551 4680
4430 2091
551 326
102 4027
3292 1285
1174 2987
2901 4709
4897 357
2875 1751
1130 4271
3150 851
3001 201
372 4165
2011 243
3597 1493
1876 4261
4507 3127
4081 4327
3671 1035
3106 147
4025 3701
1771 3291
101 3576
489 2785
4557 4643
1787 4964
121 2973
2146 4359
1325 851
676 3693
2637 4213
3509 702
2004 3965
2481 2237
4861 1270
3133 1287
2185 1861
154 4903
2993 4525
4333 3613
2161 3224
3313 2869
3856 361
4283 1074
3261 1056
3761 3929
1480 2161
2210 4071
3505 391
2367 2779
2139 3210
613 3528
2404 4533
2754 499
3177 419
249 3105
4599 662
3382 3787
683 4272
2427 1398
3429 1434
3761 1369
4875 3251
2199 567
23 764
3639 463
3721 4381
861 2019
3285 4421
1729 2663
1745 2241
1765 1341
1096 2481
3141 4727
3551 1676
3945 1816
2907 4187
4321 3253
2371 3096
4786 1427
1429 2788
4876 3141
226 2831
718 4943
2469 3279
3859 2554
4759 3020
4225 4601
2605 741
913 2924
1901 1531
217 1049
4519 3968
4521 409
944 4857
2601 3226
3947 692
4049 1469
214 4647
1771 2512
4777 4262
1795 2536
3561 4857
266 1103
1796 4461
3467 4803
3202 2315
4413 4315
3057 4429
2049 3997
4841 3591
4081 3178
1125 3626
975 1476
487 2498
4857 1505
4025 201
3761 27
4425 2651
4381 3866
1380 461
289 3305
3601 1241
4121 961
2302 1547
2809 1400
3299 1695
3676 4901
1059 2102
3707 2718
2807 4223
1203 2359
4530 1631
2091 1574
2577 357
2431 2422
2338 2815
31 3490
2697 3733
1002 4639
4138 4159
101 2101
4546 4975
4301 1531
2601 4097
4989 3027
3121 2991
2449 679
1657 3709
1665 4541
1322 927
630 2631
4577 3704
1347 1415
1619 4347
291 324
4013 4374
4068 397
1031 1066
4935 4511
1661 2366
4597 757
1577 1499
477 2915
4261 846
537 3784
4877 4063
4281 1841
4831 4896
3033 1779
251 2571
121 941
751 743
763 3062
3943 3623
3921 729
1181 2671
1278 3795
4181 571
3521 1266
1397 3235
4479 1308
2281 3167
2713 49
186 4015
409 4049
865 4096
2899 3624
1703 2287
3956 1781
1073 4413
3577 945
4587 2960
171 578
1481 2681
1736 3729
800 2401
2669 3028
869 4584
4762 2587
3213 1975
1461 3189
2481 3191
2881 3899
1345 3141
3257 2693
3915 1216
887 504
1170 3291
2321 525
3613 159
168 3593
4161 3092
951 1151
3279 4939
4661 366
585 3281
4765 1311
569 913
3005 466
4769 2709
2450 951
2969 2449
1191 371
751 2031
2989 639
3780 1421
917 4093
4183 3834
3431 1538
4535 2436
2285 4886
3957 410
3651 2026
3201 4577
3614 4107
1044 1165
3563 602
4090 1991
2686 11
203 1063
513 3089
1551 320
2362 1483
4989 1723
2780 1621
1633 469
1818 403
3293 2453
689 692
842 2827
3406 3111
65 521
842 2059
1922 4019
3247 1938
3410 3871
2740 3781
3831 1371
4145 3291
1183 1539
1753 3685
971 2283
3472 353
346 2663
3141 2696
2097 512
4657 1427
573 2549
3317 958
1706 691
1585 4316
4235 146
1761 4999
3551 4170
3687 2134
26 1651
1781 2981
1796 381
862 2387
1 1
1236 981
1351 746
2661 2071
3929 4817
2131 2446
3201 2281
1996 4453
1093 3559
2891 3100
4885 471
2973 3783
1217 1677
4221 4797
2229 853
3510 2171
4343 3362
51 3535
3012 2877
2969 922
3013 4892
3299 2340
4093 973
1561 3091
2689 3725
3411 1731
120 4241
2321 4392
4945 2421
3152 1225
4989 1435
3549 3959
3999 4407
3530 2291
1463 840
1273 4167
3047 4659
3513 703
297 2217
2890 4771
416 3705
1577 1545
3388 4453
3283 2208
2391 2102
1727 4523
801 301
3016 2937
1868 1189
2091 3974
3637 2047
3776 2601
1176 361
4136 1841
3949 2427
1628 4589
3241 581
4112 4409
2985 2181
2781 2802
1305 2121
4686 3887
311 1071
3841 4373
4173 3763
2147 967
17 3313
548 2757
1729 1757
524 917
1282 3803
2622 159
1289 3729
4705 1396
1450 4051
4542 163
2906 711
527 3842
4729 57
4248 649
2069 3794
2926 1667
2945 481
217 4968
1443 2384
4251 2876
4607 1390
3304 2857
3191 996
2989 4707
3929 997
101 1461
761 4366
4529 3345
1812 3429
1481 4321
3059 2243
3649 2633
3006 3691
2949 3549
4953 3213
169 2502
3326 3551
401 1161
682 2803
4751 1023
3251 3876
1101 3066
611 2131
794 4535
2617 2399
947 4555
4239 3839
84 1373
1 2501
305 2431
681 4661
151 2023
2161 4329
3371 942
4592 4153
1656 3873
1835 3946
1947 72
4545 2361
4843 4387
3111 71
86 3811
1086 1491
429 333
4057 2825
1553 4309
4113 3969
87 504
4262 4527
1349 3500
1381 636
1626 1751
1557 269
4357 2740
3771 2387
2314 2495
385 1741
3169 234
3097 3018
2829 1939
3880 3721
108 3213
235 2566
486 1211
661 3205
3931 4852
4719 3872
1821 1437
4721 1881
4686 4971
309 205
2040 3081
4125 4501
1941 4571
1017 177
11 1011
3593 1712
3081 1386
541 1461
3378 507
2702 455
315 4311
1322 2703
3361 1859
4673 2990
3399 4414
4395 2831
29 3317
5000 1
1844 3077
2769 2585
1277 1182
3379 422
2427 1219
2097 1224
2081 241
4437 1247
1463 1995
505 2091
3226 51
1401 1301
2904 4145
3137 2367
2718 863
601 3791
3341 1365
3001 3911
1785 1081
4275 351
1023 2102
3733 4082
4579 2392
2399 554
4897 249
3111 516
1791 1308
2753 3969
2207 3052
3573 2583
1361 2661
4001 1691
3116 1285
4605 4046
4689 4415
3921 4281
581 791
4519 4290
4777 1913
4355 4991
3 1283
1263 4934
697 1857
921 3521
4809 2929
3705 3241
485 4931
4946 1711
651 844
265 4281
2217 2823
2213 1935
4551 3151
247 1798
2217 1253
3089 2119
3593 1915
105 4541
529 3033
4353 2025
2825 1801
4647 2543
2050 151
812 1685
4297 2640
476 4877
2247 124
1264 2153
3162 487
4749 3045
1901 463
4381 4997
3953 4793
3751 4416
1900 3101
3345 1561
719 1619
4221 3546
251 3012
4721 2311
4074 3095
4642 4383
3721 2813
1541 4655
2791 1171
985 3341
4751 2355
4889 1477
4126 4251
1575 3051
567 1455
3295 2211
191 3223
3635 2096
2517 2588
399 3583
2137 4165
1535 1271
2653 1475
1301 301
3199 2275
2245 4821
1979 830
1290 2291
4449 644
1335 971
2123 1159
2217 1644
3974 415
933 773
3604 3925
1429 1880
4600 801
3479 1832
704 2353
1043 1912
891 4903
1961 2556
3246 1191
2227 2380
291 1916
1235 2191
2655 2131
2089 825
2313 2432
555 3811
2828 637
965 661
1034 1675
2434 275
1331 1971
1956 4589
2985 4536
1353 943
889 1223
1887 3730
2593 1159
4831 3532
74 2463
1673 1753
1356 4189
4131 1603
1389 3373
2371 2686
2656 3449
253 1197
4848 1233
1921 4122
2938 4119
2499 4459
1910 3571
3767 1943
701 2301
799 1804
2836 421
4715 3911
31 4978
753 2205
1776 201
4617 2697
4033 2417
4621 1541
665 441
2423 3290
275 3026
1103 3643
3425 2401
844 4069
3517 4892
1729 17
4329 4245
949 1284
2700 101
4879 3762
241 2481
1529 4025
2689 3233
3742 2479
4841 3357
2953 4199
2431 223
3743 3188
4074 3715
489 4535
1640 4881
4001 4881
2981 3797
652 949
1621 472
4092 4357
1157 4933
1013 3450
1616 3105
4647 1252
506 3879
1101 1901
336 961
59 3584
879 3875
4241 294
4621 2135
1249 2082
979 1647
3475 2451
2065 2961
3117 722
2434 4475
457 605
4012 2373
2131 831
3861 653
4473 2110
3817 2897
357 252
751 1231
3618 1695
97 1105
1455 4611
2241 4281
3791 2546
1571 4206
1211 483
2329 1379
1743 1562
2901 2677
1899 584
4272 3617
2826 2351
851 1466
278 335
3151 4976
1817 1929
976 1041
4165 2686
3636 1605
4206 2035
4344 3673
2951 3063
4443 4444
4016 41
4302 1955
1057 4369
3941 3381
681 2521
2409 2382
2701 403
785 1121
943 4735
997 2605
2816 4881
3359 4795
3401 2821
3841 1173
3485 956
1796 1341
3101 4270
3281 1665
781 3261
3966 4395
4371 1695
2001 1267
1353 3642
2013 3869
4729 4623
4626 2251
4177 4057
833 3963
138 1335
881 2436
803 283
1673 4669
1454 1047
2009 2479
1833 917
2871 2746
4117 3999
3466 2411
2586 1731
719 2470
354 1567
3589 3813
3241 3241
4781 4160
4643 3263
4125 4501
749 4227
2638 239
1160 4041
3388 2205
3681 4491
2117 4483
2289 2077
1626 951
3124 3685
4905 2441
3861 131
4837 639
279 3234
3016 137
193 2149
941 3421
2269 2909
4949 2178
783 3054
4141 3325
3389 29
3493 2340
2561 4041
3281 3431
679 995
2811 191
4031 663
4547 280
3910 4511
3409 35
1519 815
1404 3989
1746 1743
4001 751
4278 1547
2481 4937
4919 3558
2529 3853
1377 2609
1225 4101
1017 915
4124 3237
3061 1181
1089 13
4873 3877
625 2501
4489 1819
2501 3282
1682 1635
2042 4503
4198 3475
2849 2328
4802 3695
3795 3971
336 1769
1385 3961
1649 915
2104 2897
2301 2853
1693 3845
25 1601
169 2133
264 4337
3341 123
4089 1605
1610 2411
3499 2115
3123 2114
2910 2491
4594 2975
4880 1241
3355 1931
4837 2107
3980 3861
4808 3377
222 3435
4481 2961
3439 2187
22 139
569 4233
636 61
3291 3390
2417 3137
2861 2911
1887 2012
3065 1521
35 1616
4001 941
85 21
699 1664
1841 2981
4031 3112
3575 226
769 1473
93 4367
2430 2111
1197 2200
3371 4811
1034 2695
1481 4033
207 1660
1067 100
351 455
4668 3813
2417 4547
816 137
2977 3985
2833 2592
3393 3657
2614 707
4916 2341
3026 1675
585 3391
1616 3961
541 411
2005 3571
2761 3990
4081 1331
3401 2361
4329 3715
3149 3469
2337 1045
4931 4291
469 3725
1985 3186
4711 1222
893 3080
561 71
1651 2226
3512 4273
817 670
2726 4211
2594 1587
3557 2927
124 253
4526 1851
86 3811
520 4841
503 1063
3337 2209
3941 3381
1876 2501
4956 4813
4435 2406
1539 3940
2732 2477
145 1631
263 4755
3543 3983
2832 1433
3731 15
3897 1523
1693 1143
1841 4336
3561 941
97 2209
4199 2323
4293 1647
535 4931
2327 2728
261 1354
4474 4767
2595 3746
813 3548
1215 996
3035 611
4501 4976
2557 3152
3711 370
2495 616
4841 2545
3865 3871
1651 4651
3920 3121
3441 1731
3751 4576
1111 1336
2155 1211
3631 2967
315 2256
1440 561
1572 2237
279 2463
3427 2963
911 1779
3301 2731
3467 2058
1849 537
3742 1559
3913 3937
3682 839
4083 1815
151 1586
4251 2876
2051 4008
3285 2511
2301 56
3856 2409
1601 2116
1125 376
2577 4465
4121 641
1751 2751
2357 1742
656 809
2159 2718
2303 107
4201 991
2377 3814
3537 2617
832 4889
3609 4153
417 559
59 4094
2681 2958
361 3785
4283 4087
1319 3182
39 4399
1223 263
1196 3277
873 3657
681 3006
2541 1066
2617 273
3828 149
3711 271
657 3367
2399 4335
861 2343
4313 1963
2685 506
3241 1379
511 2543
3320 2841
505 3141
2228 3333
689 1153
3353 1265
3331 4411
4333 955
4042 4627
137 3750
1843 3047
4697 1897
1251 3851
3369 1497
1148 2893
2279 1672
2474 3379
3497 3768
2749 4907
2151 4576
900 1101
3821 1006
2331 4256
3741 3171
3393 2012
449 129
1425 3826
2382 4119
3909 4365
4141 4448
3427 794
1161 4142
4287 1962
230 4311
3279 343
4441 4121
4901 4991
1488 3433
2561 4384
4977 122
3814 3279
2273 2953
1976 3033
677 3424
2801 3457
2443 3015
3231 2974
77 4719
3671 1442
1471 238
1546 2171
906 3483
3961 4241
1393 3975
3148 4269
4326 1611
3201 1721
2001 4341
341 3379
126 3651
3374 4683
3617 2945
1733 3975
3080 1481
2587 2488
3851 299
3622 3779
2226 2671
221 1210
4571 766
4623 702
3774 4075
1433 3445
2689 3265
3289 3373
1301 1951
1720 4361
4387 3655
3869 822
1531 4972
2161 3861
51 1551
1105 4721
93 509
1659 432
1539 3375
837 4469
1 2776
4909 4822
3415 2011
2653 4917
2726 4891
1722 4663
3241 4767
3417 3429
221 869
4006 1855
1981 371
3425 851
1785 2486
3161 4537
721 4821
3154 4763
1245 3846
1749 1437
367 3604
4911 3403
3499 432
126 751
4686 1535
1170 4191
856 1137
544 2785
2127 75
1951 3776
1902 2527
4824 1113
1375 3251
801 3601
1408 897
2291 3911
991 1775
3001 2001
4128 545
4241 941
3009 4324
4491 1552
81 141
156 789
78 1275
13 2890
2441 89
2153 2049
4381 1856
4305 981
2916 2013
4972 4213
857 205
1946 3471
593 4865
813 29
125 1751
2495 686
375 251
4974 2475
3352 345
3297 2887
3681 181
1555 2111
2201 3985
2377 2657
1851 931
519 412
2046 3591
3031 2567
4801 2026
271 403
453 79
1785 2361
3497 3873
3728 3585
1747 439
1087 3968
3876 901
4879 1178
1681 4189
3827 2220
3893 4405
2910 2331
281 857
1696 2161
1709 4774
572 1229
341 4196
1879 3002
1317 3767
4881 1781
2449 3197
4416 3225
357 629
4586 4371
2063 4474
2523 1575
2407 1299
85 3646
169 3520
3333 3038
3769 4949
4557 2357
2169 1128
2925 76
896 4161
952 849
4149 354
838 3347
203 3330
2355 4216
75 2451
3737 4193
2197 103
2001 1801
3716 2821
2923 4179
2933 523
4746 2727
2152 4713
433 2173
1656 4249
4560 361
401 1313
9 25
3497 3909
353 3895
4501 1501
974 4687
169 4897
3761 1336
2805 2931
3814 167
4661 3571
886 3631
4595 4771
753 693
476 4301
3540 3981
1135 2056
1773 1110
4969 2407
1851 831
1205 3861
1771 1911
1735 1196
4639 4502
911 327
4559 1519
628 4733
119 1875
1009 4627
4024 4937
4039 1823
921 1321
2401 3899
4794 3615
441 3607
3993 2434
3497 3785
4839 4162
4881 4979
2289 833
4391 4898
3395 706
3905 4436
1022 2423
449 4889
4192 3737
3081 4891
553 3793
2031 4796
2726 1451
2929 3763
4221 4391
4361 1385
4241 2596
3588 1509
3701 3231
391 1311
553 3639
177 108
2765 1381
181 3277
1081 1031
1105 2011
281 816
221 3355
4931 444
2301 2693
2576 2553
3076 2317
1473 2075
1601 4077
3252 2237
4353 4872
87 4199
401 3841
1097 3209
4271 4867
1839 4330
1479 1575
703 983
4017 1473
3543 407
3087 3983
2505 2036
531 1371
2730 3511
3691 4871
2769 260
4766 4511
113 1465
2396 941
2329 3315
3971 2652
650 3051
1982 1603
2081 1385
4887 1370
573 812
4645 906
2964 1637
1773 1933
4119 4359
970 2611
373 405
3381 2174
1792 4289
905 2421
4967 3523
4065 4556
1777 477
3681 4811
2699 2678
587 1275
2897 197
3273 1289
1489 1737
2435 1056
4107 1104
3801 2951
721 3071
3246 2599
4158 2203
2245 4571
2838 759
4421 1156
2568 4369
3395 1986
4441 4145
4041 2846
177 3325
4044 645
913 4798
1381 2677
851 4651
2088 129
1787 2503
106 2919
2381 3461
652 4557
3579 4643
1333 53
3121 4481
2442 4959
473 4083
1537 2403
3673 4645
478 603
4047 2258
777 1647
3281 70
449 1304
3057 3177
1081 1561
2595 2056
1948 4709
4383 3934
4543 4595
1655 1116
2566 3707
2786 3683
3161 4991
4720 3081
3489 1400
2305 4881
3913 4369
3931 3766
1921 4174
2031 2706
957 4133
2960 1161
3485 1831
3653 4135
681 1674
3201 1861
3298 3943
2888 4345
797 2973
3873 3044
3851 3176
3223 3455
328 2697
1986 135
4396 2893
256 1441
781 3964
389 4238
833 2757
2881 2881
2009 1283
1421 2821
2391 1391
1929 4449
2705 4031
2661 3911
1777 3018
930 4391
2937 4665
2605 4831
2801 2041
2945 3166
4431 2366
3326 2151
145 2681
2329 1537
4515 3016
281 4716
4398 2727
4915 3891
112 3617
2931 4400
4431 2011
2026 2979
2185 3281
2808 169
1965 21
1033 1177
530 1431
761 4113
2401 895
2213 4605
3037 1533
2751 1626
2911 1455
4857 4247
1609 502
1568 1273
4961 4883
1556 1461
3982 3419
3049 2423
1 1251
3127 2922
425 776
547 4034
4982 1575
1931 1771
4933 2653
3153 4623
3699 1202
3577 3047
15 2791
1561 241
4169 1017
37 2042
2465 3561
4477 2100
1131 3766
4701 1301
1761 489
957 4213
4939 3208
1283 2899
3449 1905
539 18
4329 4997
1956 2445
1226 691
1446 4627
4689 1280
3243 4910
2381 2821
3225 3651
3563 563
1235 1791
2928 4817
481 111
1749 2960
2149 2245
419 4992
3909 173
2870 1231
4707 3520
3699 779
1441 1491
2446 1175
3614 603
3246 1307
4566 1891
1505 3816
4881 2409
501 2911
2145 456
4973 3922
2139 938
2551 2343
1281 4281
397 3328
3649 1669
361 369
924 4805
689 4113
4827 3550
2030 1291
864 2033
4529 1328
3641 583
1761 2081
3687 4480
557 3488
3548 549
807 370
1225 3901
1145 1456
3898 1915
2416 2897
3699 4782
4321 1241
587 2908
4949 672
3652 4045
2129 2793
3843 1715
3476 1925
4757 1939
2208 2689
3891 3691
617 1407
3101 1131
1031 4648
4041 3321
4721 1330
2934 3463
553 2718
232 3193
1509 955
3393 3708
1863 2959
1887 2947
841 262
1525 4726
1307 3955
2704 1657
1001 501
3280 481
4708 2565
3134 3003
1889 3015
2269 3525
2305 2161
4247 2024
4976 1401
2477 4085
3296 3841
1519 1095
3125 626
3774 619
1911 3191
621 1205
2513 1129
4001 1289
4445 3786
4572 4773
686 719
4033 1037
1845 2536
1401 3313
715 2196
1621 1611
4146 3191
2283 724
401 4485
3257 2369
4705 321
2011 2682
3151 4426
3922 1023
1241 2961
4296 2561
1161 1161
4381 1736
2824 4545
1931 1746
2073 3267
2261 4404
679 4999
3933 4154
3746 2895
34 1823
3761 1150
2103 3555
3376 4561
11 4715
3601 1353
3788 453
357 973
3576 713
3673 3897
4612 525
3976 4641
3343 2415
67 3735
161 1619
4519 2014
2718 3447
4945 3841
656 4161
1514 2947
4371 4770
3065 916
2165 1631
2051 1003
4441 3021
3977 1937
2685 2861
3394 2419
1802 2983
1501 1501
797 957
4061 3196
4793 4209
1473 2727
3931 387
3347 4544
4956 837
2281 4334
849 4469
5000 1
2741 340
4751 2850
4925 2026
4681 4235
4321 1337
2317 4635
1603 2852
3837 2715
4601 3490
1521 1411
4697 4390
2121 491
3361 3721
3323 3950
4345 4561
4894 1275
993 877
2881 2734
4473 3537
1913 372
3969 683
3921 3769
3601 3629
1357 2919
44 2573
2681 1537
1545 741
1109 3532
3445 1191
388 1933
4969 2542
4294 4799
2745 4961
1117 1757
4645 4911
2467 2655
2661 3056
2126 1751
2412 1429
3309 1387
1491 4391
1103 3268
3465 1241
4231 3236
2785 3221
4049 2075
3957 3599
3753 453
1398 1539
4751 3411
3825 2951
3323 1835
3872 1593
871 1214
2673 3227
3281 217
1877 1263
4990 3591
2580 3061
4971 3691
2551 1531
2681 3406
2089 3697
3833 3995
2873 667
4656 2641
2570 2711
3570 4211
2124 3813
3077 772
4721 471
145 3481
185 921
1096 1241
1649 2769
943 4607
1377 2033
3755 1446
2099 1179
2669 4092
554 527
4685 196
3282 2383
1643 2648
3716 4381
3671 131
3609 2143
2085 3421
669 1374
1199 334
3415 1471
3517 4198
545 3341
391 475
785 3381
4945 1921
3597 1583
785 4746
3421 3421
3925 326
1673 3347
4711 3932
4117 1149
2993 3805
1002 3107
1751 507
3026 1171
4261 1573
4391 1506
351 4743
3306 711
1865 2461
448 2993
1517 4613
4796 3981
711 4060
2141 4179
3045 4016
3961 3441
2525 1101
1873 4238
3474 3799
824 2137
3375 4251
1071 2131
2013 1170
881 813
4221 1631
2557 685
2834 183
2371 406
1817 3145
3774 4543
4571 548
3557 939
2256 4081
1901 4219
3001 4049
4561 1124
3715 866
1605 4141
3381 2621
1739 2822
3835 2431
661 4085
1093 3582
4393 145
4069 2624
1025 4201
129 2483
2856 4281
4470 4471
2637 2125
801 3643
612 1213
2901 2714
985 3641
2273 3645
1949 839
4893 2005
711 1996
4167 2502
2481 2178
2329 2477
3425 4601
1133 2587
1129 2902
1701 2267
4613 3747
4846 2147
3423 4843
1375 3876
251 2551
2881 3216
3161 1441
3857 2569
2132 4925
867 2080
4029 3973
4194 835
2032 1417
3721 4189
3881 3811
549 3608
1493 973
3023 3599
351 2551
2207 39
4701 1546
2065 4561
902 2239
1331 4931
4131 1538
2626 903
3894 1383
2602 459
1025 2651
1051 1531
613 2357
577 1927
3111 1111
3731 2083
1001 71
1321 4261
4387 4063
4367 947
4483 1899
4781 3869
3877 2755
2770 731
3449 185
1386 195
2801 3061
2669 3008
2122 3515
2451 1472
2966 4491
353 707
131 2206
2751 3776
1857 2285
4277 2048
2425 51
4347 2575
1401 269
421 3421
1423 3188
3206 3391
4889 3780
261 139
2769 2913
197 1427
4668 413
1269 685
3219 410
2925 1426
356 1781
3802 1615
2242 1407
3173 4419
3731 1042
2501 51
1327 24
2051 4602
947 418
3522 2579
3007 1470
3833 997
3761 3982
3591 1371
1139 59
3687 1367
116 1045
717 813
180 2061
2662 903
3421 261
3951 3110
337 3144
3393 2149
2611 3331
4251 1276
2637 858
4021 1261
2833 1989
3494 3435
2793 1409
2523 47
3225 2901
1503 1594
979 1224
1401 3071
433 2599
4482 1195
3647 942
1181 3146
4774 735
731 586
866 2239
3337 1785
2258 2259
3551 4510
2178 247
3833 1832
1331 1516
1785 3561
3673 4385
4325 3951
4642 3879
466 971
4257 2309
1679 482
121 2261
3839 4892
2269 3615
741 943
3783 4283
4003 4079
128 1153
1949 2797
4678 663
2902 2023
4193 2388
3997 2845
166 791
4933 4063
3197 3774
3089 3273
4351 2286
59 1063
2441 3784
2391 4980
1621 2535
582 1667
638 3295
1706 891
2961 2661
2707 2835
4501 51
4031 4148
1731 966
3124 1845
177 975
1617 1298
2072 3377
2042 555
4313 3017
2554 3095
1465 1531
2081 3241
2645 2866
2731 1387
2219 2220
3720 3121
3647 2468
2911 3839
3927 344
4158 739
1783 972
984 3697
1963 520
2606 3331
1541 3248
401 2219
4093 1419
881 813
3649 1895
438 2959
139 2924
2761 221
2301 536
761 441
4562 2555
2079 4159
1673 3632
3607 3958
419 2515
3626 691
1946 1407
1457 3313
1209 4017
3581 2766
2171 1711
2381 4763
4927 767
2986 4931
1028 373
4405 4771
3177 1665
1846 539
1887 1515
1120 81
3713 1983
2545 541
3583 2815
4781 2811
3801 51
2435 1396
4157 4943
1393 4328
1010 2271
345 4661
54 1135
3161 1441
1621 1074
4299 795
141 923
4160 641
3545 1721
4818 2635
1751 2531
2701 1031
4793 2103
4993 4875
2695 2731
3020 3621
2753 2145
1021 4324
1908 3757
4552 593
1981 4431
1741 4015
1851 3296
2953 3625
4761 3271
267 1555
3513 1729
308 709
2197 4093
3624 97
2315 3986
3155 2031
3181 422
4946 2247
1109 4963
1783 312
4090 4971
579 4162
4846 1531
2533 1453
3729 1199
487 4384
3215 2171
4021 211
211 1606
3686 871
4081 1621
4776 1265
3562 3655
2375 2751
3851 190
1895 4271
592 2297
833 3327
125 3251
2004 2205
3347 534
2313 3643
4091 916
677 572
862 863
3285 3141
4605 2756
4501 4003
1971 3696
4354 2223
3933 2445
1447 374
4121 3848
4334 2039
810 1871
2442 587
4137 2892
2781 4613
2905 3241
4519 2495
313 627
4607 4892
4793 65
4587 2154
4140 221
4811 4331
2276 1901
2663 162
737 2169
921 1841
1181 861
129 3773
1196 1861
2029 799
4055 2991
3033 4100
1805 4711
1715 171
2842 415
936 4041
2631 4466
169 170
966 2219
2345 4381
2447 1918
2961 4505
3098 1255
1801 51
1138 3003
4221 399
593 1187
3001 61
860 2621
393 3079
945 4691
1891 3878
1494 4183
3369 2809
2961 817
373 4619
4497 1953
3229 4573
3625 1001
1741 3483
3707 784
631 3396
4412 2957
1781 2547
5 221
201 1433
4332 2653
3701 51
2521 295
4856 4281
2496 2321
2625 2251
1377 3049
1123 2354
4881 4289
2731 1428
568 1249
4761 441
2651 571
3661 3933
645 3861
4595 4206
2476 2141
3865 2761
4361 3387
4671 1906
2521 2984
2551 4796
1846 3999
2085 1741
1380 2461
3713 4705
4575 2676
4359 387
1785 4241
1451 2551
3569 1415
3461 4228
598 167
2746 1111
3497 3929
3167 683
4226 1131
2273 2737
701 845
1088 2665
1262 1359
2696 2793
789 3148
3233 185
4585 4271
2651 571
1699 3058
585 3081
3476 2381
251 2551
4961 3597
2777 1649
1234 915
3847 1187
766 767
979 1014
1191 1911
3785 1121
486 3535
2296 665
881 2861
4761 661
641 641
4585 1761
2481 1380
34 239
1849 55
4379 718
3734 3415
1545 1971
2965 3656
441 436
2276 181
2129 4225
1877 1279
1453 4403
2184 4025
4551 2102
53 584
41 1231
4292 3717
151 2551
4795 1311
4457 3937
3418 4435
4582 4535
1223 2698
681 431
3061 3149
101 203
2021 2219
3809 1159
521 3656
3261 3916
2195 366
3151 2890
4141 4231
1083 2400
3601 465
4521 3866
2830 3491
3033 3529
365 586
913 4609
4229 749
3462 3487
881 1763
2115 556
2401 3071
1041 411
1161 2246
3185 2881
3269 2685
1461 2271
2584 3929
1317 3998
1193 1353
945 4811
4841 1256
2690 4091
2633 2688
3019 8
3733 112
2169 1465
1149 4130
113 1809
4206 4507
4649 4908
3459 3050
801 4857
4990 4371
2257 4935
1963 299
2801 4449
1161 2246
1416 1241
2045 2261
962 1367
2132 2997
1863 2658
2939 2330
4863 4932
4437 859
4915 1431
2591 911
1291 3588
1081 671
4135 296
3306 4891
4915 3896
187 1123
4541 2461
1705 21
2795 4471
4244 2957
4651 3363
346 4187
1905 241
577 1925
1249 4945
2175 2026
643 4502
721 3935
1220 741
841 2189
4005 1346
4427 4059
4003 3067
1201 4805
617 3319
1241 4641
2020 2261
3641 3461
951 4943
3161 289
1905 2621
985 3341
3477 2328
4760 921
4233 515
3124 4325
1317 828
1762 287
2901 308
124 829
3801 51
4055 706
561 3661
11 606
2523 3122
185 2406
1317 1318
4689 49
4121 4567
2439 4268
3169 3733
1601 248
4898 2043
744 4849
4261 2831
3433 3290
3921 1841
3446 71
3873 2953
1033 4628
2419 2247
69 3589
2129 2130
3643 502
3569 4950
2705 2711
3739 778
505 1516
1247 2303
1724 2925
2509 415
1454 3443
1795 2571
3461 1533
995 871
1061 306
2665 891
4240 2121
3215 3246
2210 2491
1881 1431
761 227
669 3698
4235 466
2357 3492
1861 1167
2277 4555
1495 4436
2551 4184
825 426
4665 4281
3464 1177
4350 2051
2273 3648
1621 366
2340 2541
2889 4560
2374 2375
2597 3493
2796 4045
89 357
1693 4414
2018 1055
897 1529
4151 1608
986 3175
3500 4501
2538 3679
3245 2981
1996 4981
3097 1717
3033 2133
1425 1901
126 3151
4386 967
191 506
2979 959
4197 108
4952 3705
4917 3424
255 811
3057 649
1002 4059
1717 1002
4653 4244
4007 4428
2745 3231
3581 2090
201 453
3578 2203
3677 2373
1209 2644
1041 1641
2686 3431
3400 3401
645 4031
3338 1915
929 2025
2121 293
3943 3659
2952 4225
948 429
1048 217
1711 3556
1801 3439
4049 2667
2077 82
4307 895
513 4885
3626 3171
1285 4696
1881 1431
3743 2319
902 3943
2201 4021
3665 3591
4498 423
2839 2459
3641 4333
4237 3215
1829 1949
1222 1223
817 4805
2481 4393
4157 2909
3321 4631
2361 1109
4355 171
1481 4785
1205 666
2669 2367
2656 3273
4550 4651
279 1139
733 1258
1461 4611
1419 3655
4840 1321
1081 2431
4226 651
4141 3461
4421 3735
3230 4111
4963 4742
2636 3077
3280 4761
2693 3125
1312 1313
2610 3711
483 287
4201 1056
681 2689
2501 2524
593 675
457 3765
4827 659
1931 1654
4779 1907
3311 618
2305 4081
901 3110
1706 891
3090 3431
4141 4871
2663 3803
4727 1452
2546 3375
2809 1743
4482 2367
2593 3349
413 2479
1759 2023
3579 4004
2761 2158
3487 143
3412 4357
3397 2675
1377 2180
1588 2813
281 2869
1541 2362
1476 1901
4581 1202
73 2045
2874 4567
1626 651
3452 2245
2749 4443
3903 3084
587 4959
1061 1367
3769 609
205 46
251 563
2561 977
2837 252
2123 338
1086 2603
1161 1611
4713 1270
3707 2243
3577 1463
4915 2536
4321 2841
1883 2012
4274 2659
3181 2671
1985 1161
1553 2955
3582 667
4665 1316
553 969
2281 1241
3481 4241
3593 4953
191 1079
2369 1617
389 4669
2976 4401
3474 4967
1949 247
4913 2043
3709 4837
4577 1118
3782 1987
4531 4206
267 2404
3262 4787
3617 2447
3641 4616
951 2580
1307 974
4601 4016
67 1743
2409 2678
2480 1281
241 1389
4756 3781
4481 4241
413 783
4113 1617
1518 2599
4721 3841
4710 3911
859 1387
3733 3462
4333 1325
4171 1867
2403 1703
3710 3071
1438 595
4564 1485
1309 1653
504 1753
709 4218
4716 4717
3739 3520
2924 1669
4335 2686
4525 4351
4001 4042
4281 3431
4907 4979
3031 47
4217 1209
1966 1723
3409 2725
3071 2131
2433 2857
2973 4192
3991 4866
381 2146
2673 1073
671 4287
831 720
1992 977
2209 3705
956 4341
3131 656
2709 869
728 865
4217 1757
1103 1254
3257 3169
3250 751
329 4148
3806 2091
2890 1011
3377 2883
4301 1021
4533 3463
1671 1802
107 244
547 548
500 4501
369 1809
2500 2501
221 3924
625 2501
691 3456
2774 2023
934 275
9 613
1 61
2707 1243
2709 853
417 2507
2181 2182
3234 1679
1536 2681
4673 1499
4779 1907
1625 126
3709 2255
1249 2499
3467 1087
181 3621
1925 2826
3183 3648
729 1665
2378 2743
569 2313
2109 3200
1907 2932
991 2659
1636 165
4146 2315
3188 1213
1961 1962
4266 4311
3053 4114
4091 4095
4771 2711
4355 2106
2229 2413
2437 2103
3444 1205
3769 3998
1929 788
4121 4841
3551 3776
86 3183
20 541
709 1943
3711 4771
517 2062
697 4033
3203 4843
3721 3261
3793 173
641 641
2603 4402
4526 3151
4386 791
3697 942
521 2606
3803 2894
4586 2231
4731 206
1401 51
2255 4906
3026 911
3666 3311
2369 3964
490 3031
1325 1551
4831 1959
1656 1017
4351 2551
3330 3191
4001 51
4924 365
4935 1166
1663 4979
4701 2526
2137 645
3615 3991
3751 2551
4585 41
3042 2135
503 4055
3837 3023
1686 4011
3136 4761
997 893
3360 3681
4325 151
49 2745
241 2713
406 4895
1021 4085
1839 1035
3978 583
2757 935
3536 3761
436 4621
763 3232
600 2201
4962 3367
162 855
3885 1986
4481 849
2499 4947
3223 1900
2741 3166
2412 3893
4201 4071
4481 3671
3769 77
2161 3729
1649 1385
882 4095
1361 2192
4887 3758
3821 4631
4121 2261
4319 700
4055 4211
3066 2311
1526 3931
3601 1061
1449 3757
4766 1343
4751 3507
1186 1187
3797 4475
2968 2009
4271 1047
2345 4381
4934 4407
2713 1503
4411 1428
1943 1892
3439 1024
2755 711
2927 2928
109 3380
2197 1517
726 411
67 3887
4686 4591
2465 4231
2213 485
3869 1429
3901 2853
2479 1220
1571 1708
3964 3877
3849 830
3085 1061
3741 2231
2419 4839
481 2709
1106 531
4754 1883
1141 307
3695 3886
545 3081
3036 909
4801 3061
4516 3061
2481 1646
1665 3241
961 1129
1625 876
3325 3026
4001 51
3197 2063
3201 51
2753 1193
479 3623
3521 841
1081 2297
1741 1605
925 4051
116 2205
4065 121
417 835
349 1397
2350 2451
2234 1915
2931 2931
494 3159
1089 1875
2841 461
4271 2711
2983 287
3969 257
4361 3611
4481 3861
4355 331
3941 1930
3099 3179
249 4194
3585 1136
2026 2119
4825 1951
977 4713
1227 2087
533 3453
4453 2420
3030 2271
4886 1695
2121 4841
3889 3339
2611 667
3252 285
3175 3276
395 531
3422 2927
1071 3196
1233 2748
871 4874
3716 3581
1246 3611
2745 2841
4267 2618
4633 92
1433 249
465 3721
509 1469
831 4987
1043 2087
2933 1733
4553 697
945 2921
2401 1462
3451 707
4768 593
2451 4511
891 4006
1248 1249
4597 4284
3921 2342
1210 3631
3773 93
4485 366
1224 3569
1341 2549
2256 3841
3281 1249
155 1511
4849 337
3881 3811
2401 4011
4682 4967
4385 3931
1177 329
965 2461
4137 1673
4969 4877
4622 3747
608 4793
161 2577
2905 4861
2051 2551
2652 2989
2985 3881
865 1331
2097 329
4961 4806
4775 2851
3321 4409
2446 1691
3551 3776
1888 769
2561 4148
2775 1551
2266 4311
4701 2011
227 443
4321 4137
2151 3135
3064 4345
1113 3905
907 1235
3701 2061
2107 4063
3773 4418
1 61
4448 2825
4851 4256
1251 2551
3384 3745
3282 3947
4926 931
1388 1893
3980 2861
1033 4212
2537 815
1592 1617
1499 3935
1495 731
121 2866
3386 3635
425 76
4652 2125
660 1581
2981 2317
1636 4541
914 4303
2205 2021
1987 247
4876 4381
1216 4313
3881 241
3783 3755
2701 1370
3981 3317
3073 2870
3025 201
1335 4056
1023 4323
2541 4838
4141 3307
4949 2349
334 2035
4507 4435
3436 1541
2378 2743
4697 4698
851 531
4379 2152
4919 222
4725 1851
477 1960
4129 1484
3325 1301
2677 4360
801 4006
3745 4861
2869 1477
3085 4996
2908 2493
2546 3467
3049 373
4891 3366
1619 1094
4777 3628
3791 1416
3889 1113
1668 69
2719 2720
4882 4647
1826 3691
3833 4649
4345 2381
4885 1896
4154 1779
2439 4147
3711 239
3965 2916
1897 1898
1229 390
1573 3538
2242 179
2253 2157
1836 669
1167 2023
611 3056
4611 1775
3028 3653
797 3400
633 2853
3074 3075
3017 4137
3057 1115
2901 853
1171 986
397 1117
3827 2714
3803 999
807 2123
3964 3605
2665 1321
863 4850
3131 1040
1275 3351
172 149
4097 3045
3145 3381
4321 557
1765 2066
4102 2939
2561 3539
4211 3175
505 1816
4791 1416
3091 2731
4201 4845
3633 4065
271 1234
2901 4011
3234 3467
4477 1989
3381 2146
3732 3517
121 3631
2141 2821
2481 4431
142 3947
85 3656
4079 2240
1378 3427
735 4246
4245 171
2701 3619
1525 4051
4245 2166
4921 3421
2141 3474
3119 1095
2577 4313
1031 311
85 16
4769 3153
3104 1729
2671 4512
1065 1211
2541 1149
1177 3249
2461 2306
644 573
2945 2946
1202 3707
3901 2031
1569 1485
3722 4935
2462 2387
3109 2053
3153 673
3657 2397
1801 3817
4692 1069
3031 1838
2001 16
4281 3266
2007 3239
2495 4871
1161 3933
815 4891
3155 2271
1469 2292
4639 308
4901 3021
25 426
4488 3225
3451 4511
4261 1746
4741 3087
2292 4797
2461 1136
2931 1896
1037 4037
351 531
685 4111
4953 4954
1921 2209
4381 764
3931 1828
1243 2487
2601 4041
2633 2900
2905 1621
3565 4911
2577 812
4737 7
2441 4057
3111 1111
3776 4401
3649 2842
1509 1397
3012 2229
2851 4084
3780 4741
401 51
377 3752
3354 1303
913 3433
627 3875
751 1800
4153 2132
3555 91
2105 3941
4891 3366
2437 1430
1401 4833
126 3151
1933 4125
471 2971
4809 4114
1011 606
897 233
2993 3595
2501 71
2531 2718
1342 3443
2356 3141
1233 4525
1709 1525
3209 1718
693 4502
4732 4189
609 707
3091 2731
739 1998
1633 3065
1545 3516
3983 83
3269 2884
1679 3507
1669 120
3591 2956
236 3733
4331 3171
3461 1533
1187 3343
2551 3776
1465 4461
3825 1801
4839 4214
2312 1185
2581 811
791 1416
2611 2496
601 4642
2805 496
2309 3159
4451 1276
1555 2416
3295 2931
3637 919
1415 3206
2277 3405
2354 1515
2719 3232
565 2431
1611 3272
1193 4545
641 641
341 461
2111 1106
963 262
3871 2906
2929 3433
1629 4549
139 2920
3157 3653
3686 3499
3916 2373
4801 1021
4957 4958
1321 1236
302 2383
1025 4451
2237 2637
3027 4378
4769 217
3971 4000
994 3647
1869 2333
4621 1736
213 1077
2031 931
141 2756
1587 699
2323 1970
771 1215
2991 3704
4793 2310
2743 1039
3860 1941
3131 4171
4061 3356
1546 3387
3423 3767
2178 247
2281 456
3531 4435
965 1586
4361 4217
4221 1631
925 3101
4840 881
1306 2427
2136 2481
4728 377
3501 2526
1897 4160
1827 4427
137 1029
2657 2682
2065 2381
3307 1570
1885 3436
1809 3945
4245 186
4058 3987
2766 3299
1171 1079
1121 4841
731 3656
363 2144
3377 2097
3717 4605
3589 1629
4041 1641
3561 4099
457 109
221 4725
4549 4333
3573 2877
2709 250
57 58
4291 186
4830 3031
4613 1007
2371 1856
1983 1559
2801 51
3965 4461
1240 561
151 4212
3064 625
3591 960
3085 1591
553 393
4725 1701
1161 3577
1715 4471
2067 418
4011 1375
4661 4323
1027 1298
1625 1001
4761 661
1630 2691
3921 4577
3921 2236
4091 459
719 298
4536 2625
3363 2795
566 1791
4346 2491
4102 4103
695 716
2813 4383
4307 2527
2299 1559
3071 2208
1705 2281
397 1117
4813 2757
4901 51
501 2526
401 1630
291 3096
841 3411
683 1200
1811 118
1575 2051
3473 597
3301 3205
3395 3456
1441 1877
1901 51
2951 3531
4525 1701
1833 4665
1019 2799
4769 3913
3473 29
4242 4987
3167 3178
2613 1908
87 3220
687 1107
99 199
3297 1445
2085 3341
2625 4751
1404 3453
961 4611
124 85
4181 3621
2448 1929
813 773
3901 3071
1161 2416
2571 4971
1837 1133
3093 837
4293 3893
841 461
1489 1473
1574 4535
284 2557
2523 875
2709 4832
2983 1879
2101 2526
1809 3619
3615 3686
3561 1758
3777 3635
3051 92
310 311
441 2057
4832 1433
3653 4203
1041 2461
4353 4473
4753 2778
2736 953
733 394
849 1793
1392 313
2065 431
3425 2201
4399 4759
4577 2387
146 987
377 4605
3471 414
1756 2533
3868 3685
1073 797
4337 2349
1255 4066
1225 4401
4849 1847
812 173
3328 3265
3484 2845
37 75
4161 466
2704 3313
1486 1731
452 3533
277 1109
251 2511
1501 2526
937 2489
925 1051
129 1033
433 393
1729 2245
209 2718
491 4371
628 797
4557 320
316 4909
981 3070
1864 329
1243 2123
781 1861
83 3404
3037 4554
1293 4568
289 3873
3457 1249
1189 2104
1249 3712
177 1948
403 2002
111 1222
62 63
937 3733
1596 1285
2653 2957
103 619
451 1276
1709 2853
273 2185
37 75
1167 675
625 1251
2227 3535
609 4489
1249 4949
1585 4741
478 4303
495 4406
3175 1051
325 3901
217 2813
1072 2537
113 1583
2014 1463
2868 4797
106 3711
560 4081
1122 1319
403 2002
2402 2699
2333 3650
701 4536
573 1304
1387 3255
2237 1192
2641 641
3851 1806
1151 2947
133 799
166 1827
181 3259
1639 3922
81 811
1303 2364
1665 3291
145 1161
4 13
494 4327
1441 4169
3537 3925
1282 1923
1881 3408
1121 2421
737 3903
3265 3961
617 2277
321 2841
456 3193
289 2313
766 1491
1711 19
897 2409
1201 26
559 32
52 157
869 4333
925 1051
855 1971
581 1621
1015 1391
20 21
1985 2041
217 1954
14 183
3214 3915
1475 3826
118 4603
151 454
4291 3207
1476 2085
981 3070
4 5
1981 374
1054 3459
404 253
109 437
4021 1261
741 2418
3485 3496
3249 3443
2071 2900
261 1966
2016 1041
373 2239
487 3767
817 2779
2289 4029
30 31
829 4949
411 4111
2495 2286
2899 1759
1072 2537
2341 2166
3659 882
2332 1285
2377 4589
550 4951
1962 3987
780 1981
989 2583
727 995
241 2231
249 997
2941 871
209 869
367 2203
869 3879
271 2440
55 166
4289 4497
1216 4721
1219 352
2500 2501
1939 927
988 749
501 2526
1190 4511
3277 1452
17 69
519 4204
241 785
736 1065
181 1087
3079 504
175 1051
177 2833
3361 1329
1801 4031
2353 3827
584 953
265 3746
89 3917
4149 2133
1831 4931
3225 4951
3499 448
1261 3271
766 4067
1849 3545
193 2353
276 1381
4624 4057
65 1041
107 215
105 211
705 2756
2117 2383
484 1133
601 4016
946 4191
1111 3331
1676 2293
664 3633
1321 4261
1387 1543
28 85
1520 4481
17 35
1313 2017
1366 2811
127 335
926 3151
1933 3919
668 365
1587 1808
409 1954
1217 3945
589 4739
1059 3715
2653 405
1795 2571
17 273
2110 3071
3137 769
3600 2401
883 2087
2201 3041
300 3901
127 335
149 514
351 2551
1387 515
1582 683
298 3047
151 907
484 3389
1255 3846
813 2155
141 4936
2381 3336
4411 2894
1201 2649
111 1106
456 4641
48 49
1009 3568
2421 3156
838 979
2420 4221
2801 1071
169 4733
2945 471
1198 159
1379 855
1179 1550
2143 7
367 2203
501 51
2553 2333
273 4283
2773 4700
796 1941
2031 2799
989 1429
49 295
1441 4585
1625 501
1621 2261
769 1913
1051 1531
3056 3641
2538 4743
301 3011
1140 1381
937 1867
3473 327
970 3431
2140 2661
376 641
989 715
3017 4987
121 243
1089 4849
876 1901
115 4371
1936 2121
973 29
628 725
1597 4717
377 2720
875 251
184 553
497 408
1099 4783
196 981
820 1981
612 3765
1877 2557
199 3583
631 4754
49 1177
1453 899
4421 2366
3305 4996
3016 721
249 1993
1509 2523
1301 4566
875 1626
33 1057
575 3051
3201 4865
1261 2699
961 2661
349 243
913 2042
1777 750
232 2553
196 981
2977 4575
251 2551
465 3721
40 1561
2951 4110
1296 361
793 4275
652 3693
2553 2333
1174 4875
1369 2857
2774 379
9 37
125 3876
705 1281
4421 629
271 3131
834 867
23 24
2863 4603
1644 965
617 1788
932 2709
2311 1771
1441 4585
91 547
211 1478
241 2231
351 3776
575 3051
343 1518
32 33
241 4641
421 3842
101 51
2022 35
1065 471
3103 4799
4003 2175
901 2526
1156 3581
57 58
1021 4429
261 1306
4096 1241
163 1468
766 4067
1121 4841
401 3209
2949 2584
630 711
2395 591
53 2757
3016 2073
611 1111
2899 32
1351 1478
1751 2571
1273 553
2351 2551
1073 2169
2171 2302
441 4256
1633 3284
2321 2841
1149 2173
3151 1796
201 26
1281 1241
1381 2621
1321 4631
1135 1506
161 1441
2727 3170
1665 3281
689 1025
1891 1058
1243 2123
501 2526
1981 3861
325 3776
3009 1424
2704 2905
1201 2649
256 3841
800 3601
667 4680
4013 1768
169 508
2398 2299
2433 2455
1272 4433
321 1606
496 1369
463 1483
1341 4848
2815 3606
579 4844
1801 4031
1291 514
2598 2695
785 991
97 2329
61 3661
13 14
2332 1285
1176 4401
8 57
1561 880
202 3535
841 2662
4149 2133
66 859
1313 2017
2485 4311
561 4271
1723 644
295 2391
1519 3419
199 1792
3970 111
901 4061
161 2577
886 2275
753 392
1871 3615
283 3302
1981 4431
269 1077
344 2409
511 2666
1453 2950
415 4091
2591 1371
3921 4577
1458 199
1981 4431
246 3611
1429 13
768 313
119 239
1565 1421
352 4505
2080 3641
253 1772
125 3876
31 931
103 207
1361 2549
757 4085
160 481
229 1375
1565 3211
4013 2885
1106 3803
24 553
50 2451
25 151
1181 3621
715 31
307 439
1613 4
3181 3594
1345 4561
579 4687
625 2501
721 4421
2791 3043
2951 2551
1981 4431
4088 4369
1985 3521
2049 1137
141 283
1939 3683
21 421
1353 357
477 2437
3301 1556
466 4447
2945 471
241 3616
1411 2331
1441 1113
783 1623
1226 2911
1635 2131
1769 1989
761 3919
17 137
64 449
521 421
1255 2611
67 2212
457 3657
109 1309
1849 1357
639 3532
1093 2628
78 859
2377 573
3265 1516
2047 3458
881 2621
321 2841
3403 4390
881 4097
2311 2527
584 953
193 773
721 1537
2269 2527
2001 51
2945 471
541 4346
403 2002
589 3247
757 3627
1327 119
1961 3441
610 2691
16 241
267 1870
2833 985
1387 515
849 4998
577 3849
160 481
673 769
2500 2501
81 811
3417 3438
2605 1511
55 1486
3 7
241 1929
25 201
1928 617
281 4836
1496 4409
4159 4495
691 1787
226 1131
196 2941
1432 3665
1000 2001
1861 1661
1831 1692
1450 451
666 3311
1282 3203
311 1556
2731 4703
88 265
1770 2971
169 1184
610 2811
1266 4631
31 311
397 2383
491 4060
2495 4711
3361 1329
81 1621
321 545
925 901
3576 2441
601 4041
469 2195
309 4327
111 1106
199 3583
160 3481
370 171
937 3725
400 3401
721 3653
50 2451
625 3126
2509 595
537 980
2332 1285
1849 2659
1810 1271
1981 4431
1051 3571
2241 3436
2143 2863
529 820
606 1667
186 931
3382 719
22 23
181 861
341 1821
661 1814
3022 167
23 24
21 85
43 44
647 2294
55 991
11 56
37 334
1181 4680
385 2311
1678 443
148 1037
3351 2551
393 2752
508 1605
1684 885
169 1184
460 4141
251 1256
1081 3375
2653 2957
1289 4648
3246 1515
400 3401
2421 3156
261 3394
2101 2071
1653 1285
1625 1001
117 1787
2623 4675
716 4309
2406 4023
93 373
2278 175
365 3981
3535 1496
409 2455
859 3502
29 30
121 1453
701 4021
2297 3633
1321 4063
211 2111
528 3977
2993 3525
397 2147
1445 4911
883 3268
3473 4489
1816 4881
397 4765
1756 2413
337 3089
507 578
967 1724
19 343
3250 251
641 2821
97 195
39 40
131 263
145 1306
249 2720
595 711
352 3729
165 661
1513 3547
25 51
916 3741
1549 765
160 3481
3069 1072
2059 892
342 603
2171 1971
793 2339
181 3146
1621 3768
2761 661
3010 2591
2347 4799
261 3573
176 1233
659 974
91 274
991 4596
1475 3826
1513 2365
3777 1729
631 2086
961 1129
1981 2165
19 39
2839 2375
2351 498
35 36
2243 235
233 933
813 2155
73 147
2710 731
2313 3643
3150 1051
3576 1681
1457 2883
29 204
4291 3207
481 3861
2311 1264
38 1407
120 2041
2073 1089
1381 1764
401 1417
4486 1591
1569 1882
3284 917
137 275
689 4628
528 3977
3499 935
379 919
2224 1769
885 1506
306 3667
1716 4085
2480 1761
388 3493
136 1121
301 1506
794 323
2705 661
321 2841
241 4461
1289 4648
1891 1058
1621 3768
1599 154
659 4227
1639 3258
1121 2421
838 979
784 1169
827 1579
193 1545
3539 263
2201 51
559 63
1321 4631
11 56
2623 4512
36 181
2905 1731
1787 2907
925 4426
379 467
2761 510
2036 1981
3137 769
1457 797
2413 1869
1361 2549
1369 4285
2437 2355
133 3779
3284 29
2941 3523
985 386
295 1771
187 1595
2161 3729
2321 4619
617 2277
768 313
4033 3113
661 1611
990 2571
91 1639
1272 4433
281 3935
2041 1231
1393 398
2047 3458
2279 2487
2853 1239
1373 2278
3151 1796
1626 691
4210 491
1015 4586
451 4511
1681 3836
991 1803
2433 2455
265 831
361 1661
2624 2833
298 4835
67 2212
511 331
3521 3656
4417 4774
737 3585
1345 4561
1887 2368
1236 341
2761 441
2563 2647
1889 449
414 2899
599 575
1629 274
1977 127
401 1417
115 691
1054 3459
813 2155
821 3662
1401 4229
1519 3419
161 1441
625 4376
73 2629
417 3337
1856 3369
280 3681
637 2645
81 1297
2968 4793
7 43
49 148
127 335
1489 2319
2965 4006
1393 3433
281 2249
3845 3391
3520 2881
1289 1093
277 3325
187 1595
129 1033
1293 4135
261 1787
2022 1947
1198 159
60 3541
685 4661
196 2941
1219 703
3841 825
1611 2054
667 4680
737 1952
929 3883
1015 4586
3016 721
577 194
514 4627
4691 3371
1297 39
225 1576
1103 3975
911 1844
261 2611
1489 2319
981 3070
589 3862
1925 1226
235 4231
93 2140
2680 961
97 3105
1420 1861
78 859
1453 899
919 624
855 1971
2908 3309
1682 3963
631 3396
245 4946
1549 1608
1444 3429
4624 4809
1106 3803
1366 3275
1933 4125
1121 3471
721 816
441 4703
211 3166
246 1723
937 1867
235 1411
1241 3472
1951 2551
449 2573
1805 4421
559 32
2561 3905
246 2055
1473 2137
616 4241
1509 4235
721 4609
589 3862
1099 4783
431 4311
841 185
811 4599
2279 2487
43 904
391 167
23 24
2633 3752
441 3529
358 1087
1871 2906
1272 4433
559 32
1629 274
91 911
593 4489
2451 1571
757 599
573 1304
406 1091
562 3663
166 831
721 4609
3301 2867
345 2761
521 3866
291 1456
1369 2857
505 3181
295 1196
709 1832
1103 1915
3501 71
289 1937
2757 1122
3565 291
73 877
771 795
1405 2936
1807 2702
287 3732
39 79
419 923
687 3664
1141 38
513 2833
603 3443
71 143
1436 261
4279 252
386 3511
397 4765
701 2011
1084 597
1076 1269
2269 2948
8 9
1135 3836
1351 2955
622 2919
111 1222
1717 549
616 257
1151 1474
533 128
1171 1079
2143 4294
3673 3343
2237 1325
689 4628
311 1556
811 4331
599 2788
622 4307
2313 2285
2539 2107
55 166
319 1908
687 4619
2377 1883
664 3633
1105 416
2036 333
1009 2379
2066 1895
2451 2551
913 1913
1633 4193
3061 3149
202 607
78 859
3433 3517
463 4724
2968 4793
1549 765
2951 2551
3214 2483
4161 466
43 603
3037 443
109 437
3103 4799
1093 907
36 253
2280 3041
2625 3001
59 119
51 1276
716 4309
706 591
425 2526
1750 2751
1021 2072
141 2821
161 153
4161 466
533 255
901 2437
2041 1641
865 761
2332 1917
57 229
1485 3706
4421 629
3083 1562
419 2962
141 706
141 283
3539 263
991 2704
2833 985
3727 2164
353 3884
286 1431
61 1831
793 3549
1341 1821
1225 3301
341 798
901 2526
2941 871
1241 1943
691 894
271 1627
181 3259
2836 2621
273 3565
129 3257
913 2042
953 3369
199 3583
73 1753
1594 4047
313 3757
1036 1621
1055 2706
3173 4997
377 3017
89 1959
3966 2791
2145 3641
1639 3922
951 3776
460 2821
1249 4949
736 761
67 1475
1081 4188
1596 1285
925 526
406 3271
1513 2365
571 2131
1453 899
1621 2946
1009 3163
801 51
736 1065
4222 2875
577 1929
2757 3365
115 691
337 4045
3365 171
799 1780
343 1518
183 2380
121 243
53 213
1496 2241
15 16
28 85
3851 1806
253 2085
937 1544
780 4821
379 919
1925 101
3945 3261
1162 1375
783 1623
1198 2763
886 3291
451 1276
3150 1051
133 3779
191 956
1601 1233
1441 4169
2521 1471
1225 4401
441 4405
249 997
641 513
3186 1115
577 1925
3655 1991
521 421
130 391
1887 2368
1351 531
1723 644
771 1986
2379 2983
2553 3075
2209 1033
246 1723
20 381
981 3671
1084 597
2302 819
476 4045
2377 4589
3284 29
2346 2111
961 1129
2205 3791
2809 1069
3844 2173
1327 4503
149 597
947 835
855 1971
3235 3511
1015 4586
1105 3041
443 760
517 1205
1429 2880
961 3065
2121 2414
2177 4019
1497 899
1567 444
112 337
53 213
133 799
309 1799
1141 4231
841 185
529 1349
1901 51
289 4625
904 3873
3241 4461
28 29
2521 1177
1613 7
470 1491
3991 2488
793 4893
277 1663
157 472
2661 1119
3246 3531
1639 3922
1887 2368
1281 621
2817 289
626 651
337 4719
2647 1762
3287 4212
61 62
1654 2967
833 1657
253 314
406 1091
185 3511
987 3624
249 997
807 983
1409 177
441 4405
2296 2097
61 611
3592 4745
1881 241
745 3096
226 2035
245 981
2881 2861
2133 917
1296 361
3865 1441
612 2957
153 2908
651 2316
1453 3933
937 3725
925 901
297 2377
421 2948
241 1447
141 1411
529 4915
2801 1857
2205 2891
19 172
1401 3071
301 51
556 573
4210 1811
1651 1276
2215 816
451 1276
50 351
71 2486
1289 1093
901 3021
239 3127
701 2011
3361 3217
46 139
85 171
1711 1996
3571 2122
1751 1286
2949 4757
601 1061
2899 2638
3234 2275
166 1827
257 2057
800 2601
67 2212
449 2573
2926 1671
69 139
981 4336
134 939
25 151
3011 4474
2701 1546
121 727
1009 3253
1513 4469
1676 2293
829 4845
1151 2947
442 4283
361 3665
323 4859
649 2789
1276 1901
52 885
2080 3641
103 619
1135 3836
449 3593
1561 880
178 503
673 3077
701 4815
1795 2571
781 613
277 1372
3763 3359
776 4401
311 3111
4693 4125
166 1827
409 2455
253 1013
716 1541
1975 2826
484 3397
57 1597
521 211
2280 3041
613 2357
1021 316
69 70
1457 797
617 3639
1496 2241
1369 2023
1243 3562
2133 917
733 4714
2346 2183
856 3521
751 2531
3361 271
1189 3475
11 12
196 981
484 1133
2653 304
793 4275
1177 4718
295 4456
25 201
2381 1671
2353 298
1717 3323
936 913
3501 51
79 159
44 45
1834 1527
311 4642
1626 691
4201 4071
109 437
313 2505
233 1758
256 1281
3783 4547
365 2556
541 821
331 1987
946 4599
5 11
154 463
1751 3776
1948 4933
262 2599
82 739
186 1883
115 1556
3301 2867
430 591
325 2551
2549 4902
2332 1917
1021 2358
1639 3922
1476 2085
3809 4013
1743 1782
337 4045
1167 1852
1651 2551
537 980
121 4841
937 1544
661 1814
2333 2653
73 658
1123 4092
1055 2936
341 1821
165 1766
217 2605
2395 886
2313 3643
781 3431
3673 3343
105 2731
4271 3971
781 460
4081 4861
13 27
109 982
204 917
4161 1305
1712 4649
3251 2551
1387 515
545 4266
417 1673
778 1339
1051 1276
133 533
33 133
489 3913
683 2514
521 3547
1729 1684
81 1621
137 4659
1059 4358
631 3396
2251 2551
2721 29
148 1037
86 1463
673 1537
743 4380
2174 223
406 3271
321 2569
1396 2821
133 799
1981 4431
829 4845
1769 995
2962 1607
2073 1089
313 1879
3187 2099
2171 986
1675 226
716 2877
1837 1133
961 1505
2241 1713
837 1829
881 3456
2416 1705
259 1138
63 1954
811 1898
1451 2080
2451 1571
491 4911
2075 1576
3796 3781
4003 2175
3851 4571
2669 4803
3934 4239
2258 3547
2304 3289
99 694
577 2697
3121 2261
257 2057
61 1221
1801 4031
49 589
651 3464
651 2551
1051 1786
715 11
2321 2841
2421 3156
1613 3877
617 2277
27 703
3421 4998
2245 3781
321 2569
1522 4359
2036 1981
65 66
2971 435
1999 2947
3478 2159
2539 4334
4417 4774
561 4636
521 421
701 4629
985 3641
1551 2551
1427 2822
2311 1264
1654 4279
1135 1291
1480 2921
727 2983
1021 2358
85 596
561 2441
694 2903
1369 3034
1324 3413
4081 4861
193 1159
249 1993
3541 2461
541 4608
738 4447
3181 861
946 3111
2157 694
721 2305
8 9
433 3465
883 895
485 671
267 1870
109 2944
1081 4459
937 2489
1873 4905
1009 1325
1681 861
421 2948
2347 2963
209 1673
1961 4817
391 416
3485 3496
1921 2631
1013 3300
1486 4039
1939 3683
1657 1223
17 35
66 331
73 220
714 2135
737 1793
1220 4661
25 301
1057 1913
5 21
2205 2891
601 2021
1996 4861
1531 931
1828 165
3088 4545
898 23
141 283
1810 1271
419 4219
2536 4841
106 319
331 1987
2861 885
29 30
613 1035
1837 4600
820 1981
3133 4183
505 3281
2007 3239
2110 271
672 993
703 2418
445 1466
2807 1228
851 2551
820 1661
206 3447
211 634
1324 749
1089 3514
121 485
3251 2551
481 3849
226 1131
1277 1189
661 4831
1179 2402
1561 1173
2304 3289
129 4129
64 449
919 4814
714 1423
705 2561
325 2926
1030 1631
1805 4421
2101 51
1051 2072
2031 2799
2071 2900
60 3541
211 4771
1409 177
81 163
781 1861
139 418
1327 1754
301 3011
561 3977
1646 2363
721 816
1345 3246
3151 571
324 509
794 323
481 3089
2381 1671
1801 51
2661 1271
433 3898
521 3547
89 179
205 3486
1743 1782
1321 2656
573 4797
1072 2537
785 991
650 3351
28 253
2521 1471
3367 2223
289 2602
3511 3216
796 1941
1717 4643
460 2821
1079 2872
601 3031
1717 4643
821 1421
1299 1642
885 1506
676 141
3466 3359
1296 2953
697 1729
2751 2551
46 691
739 3303
2807 4123
518 699
4003 2175
2146 3031
1711 1331
1569 3933
1596 2781
2066 1895
342 3763
1082 4887
2549 2549
100 901
973 2543
253 940
1335 706
2656 4521
106 3711
568 1929
1769 147
3197 260
1717 3323
129 3257
244 2197
119 2022
505 4141
521 2093
49 295
2171 2302
