5000
4926 2411
1339 259
2601 1151
2081 2345
1426 3491
3445 4061
952 4353
2401 681
1753 4789
59 2802
183 3883
3381 4671
1189 3013
119 1504
4157 2957
2793 188
4205 3341
3630 4931
3178 3439
2843 1742
1285 1006
609 769
445 4461
1193 2363
4019 4434
71 1191
3209 417
881 256
551 2784
2871 291
4141 2746
2709 3018
2323 2040
1253 2842
2321 3489
4867 2252
2956 4221
3047 2375
1303 2248
2589 4950
4633 849
61 3430
2121 2666
4329 3742
3659 214
3657 4113
4655 791
1264 1153
4841 3341
4946 3571
1116 1381
2857 767
3345 3311
1881 2606
2859 938
801 2369
4366 291
941 1059
4193 3469
266 283
2086 4871
455 56
4572 573
2291 1832
4147 908
2661 3810
2291 1375
401 665
2531 891
4049 1177
4381 486
2069 1302
1386 671
3641 3929
281 4361
9 4553
1441 1321
2375 1751
3415 2496
4149 597
2465 296
1077 173
657 1457
2373 319
2761 4506
1684 4589
2257 2409
3289 4050
2681 561
1527 1955
176 3713
1841 3448
1638 435
1433 699
2677 29
1161 3856
1180 3621
839 3959
2449 3979
3249 1897
3201 301
1586 2831
617 4817
4945 2561
3424 4529
1681 1541
776 4961
4221 2184
329 4528
1594 2167
4601 4401
4657 2262
3651 3226
2948 2989
2055 2271
4751 1751
3381 533
721 571
3176 1881
1081 4725
3342 4635
1191 311
4555 4631
2739 284
1067 4587
4965 2816
2829 1643
2415 1046
2271 115
33 3327
973 2739
2360 4921
2301 1797
2154 547
1195 2491
3493 3478
4269 4062
4041 3927
4218 1419
3921 141
2418 4427
71 4271
777 905
626 3371
4376 921
4145 3731
2737 2707
1681 4961
2526 2831
2316 2029
69 1014
3321 4366
273 2929
4225 601
401 1031
601 1833
2586 4391
3041 453
4337 2198
693 4240
2015 2571
2605 1661
681 1641
1929 2555
2017 2933
1465 1856
3095 3896
4393 2837
2599 3695
761 227
2112 2145
41 2421
1238 4535
4801 1951
1701 4551
3445 4531
4001 3001
1113 3745
826 2351
473 943
1724 1613
307 3118
3393 995
737 89
3102 1727
3457 3325
4755 511
4823 4779
2501 4626
4934 3227
4702 75
4268 2453
1369 4105
4543 1108
2562 1759
4442 3323
1421 46
927 1948
3669 2902
3149 4739
3759 599
3845 4096
1905 3441
1766 1431
109 2324
2329 4253
3989 1923
601 1031
2525 1551
1161 2097
936 3561
377 1562
3371 2038
1073 1179
3384 1393
1065 4691
957 2525
3263 3987
3631 3831
4001 4126
2241 388
974 2027
3499 2352
3984 2297
3863 1898
3429 2229
2526 875
755 2211
385 2741
551 4071
3829 3590
4521 2209
4931 3063
113 1349
4516 2917
1082 467
1971 1436
4651 3051
2001 2521
2861 3531
1101 51
773 4944
129 4125
1699 95
4399 1634
613 3079
251 3560
1347 4762
3735 2631
1488 49
876 1301
3361 1389
1141 1091
967 355
3281 3121
4089 2505
729 3717
1931 1586
1377 4457
781 4941
4072 353
2423 120
291 3279
1094 2823
497 280
3761 3407
3211 3111
4751 4099
2065 4441
4887 1759
646 791
4652 4885
1126 3251
2913 2113
2649 1169
3073 4965
4699 1008
1037 4213
2059 1319
3454 363
2315 3091
1535 1096
3041 1793
2089 3187
2867 1574
1491 2867
4561 2634
2331 3171
3577 4525
4241 4621
3071 3003
183 3448
3046 4815
1377 488
3381 336
3475 4976
313 317
1593 73
3157 1325
2403 340
2701 3356
3589 1533
2793 917
3530 2171
4901 125
2626 2111
2249 1545
1665 4111
76 2285
1933 845
2480 4361
3646 4191
895 1631
3241 4541
59 2523
2363 4003
2897 2809
3929 1873
4847 944
4537 3409
3830 1731
3971 2091
2171 555
94 219
1281 3669
4291 2155
281 161
1491 1504
1483 4327
4927 1432
4323 4832
2766 963
2473 2189
3717 719
1493 2805
4636 1061
1462 2175
213 1583
2439 700
4689 4425
1021 1647
3690 2031
2294 587
1336 241
3861 2036
941 1061
2523 1015
2219 3268
57 985
965 31
4738 4755
3497 3609
198 1815
2022 4203
3134 1919
3649 627
3760 1881
4249 2389
297 3453
229 4869
4823 1258
1526 651
4474 907
4107 1235
627 2827
2752 3017
3542 2935
1769 2623
1201 4205
845 3896
1 1
409 2327
3910 4611
2361 1269
73 3587
4501 603
3057 3132
3775 2676
4669 4724
508 4949
4873 1009
4004 325
251 2415
3550 551
2719 487
673 3597
3722 3995
4281 1591
1251 2951
3089 522
3602 4963
23 3094
2137 805
2436 3021
3271 1996
3121 1268
2940 1461
4801 151
1794 503
2274 3483
4728 105
1574 4835
235 1091
2189 3914
1799 4300
3889 3923
3198 675
1407 2354
4462 3095
4245 3131
2857 3185
809 3609
4985 4311
363 3722
1023 2202
819 4014
3176 625
874 4727
3963 2694
3381 1757
1542 2027
28 4749
1031 1630
4091 4875
2817 4457
2126 4855
3363 512
136 961
4431 516
1156 3357
3905 3146
3094 2103
3676 2341
1801 4012
4501 1368
1923 1022
3805 3611
2713 4097
4616 441
405 221
3501 3760
2963 2115
1217 2777
3626 851
3897 2922
4151 1916
4341 566
388 4725
2896 2465
1601 1961
176 721
3385 4641
3585 1221
2527 4298
3205 4791
4921 111
3341 3735
4497 2899
701 686
4801 997
4119 867
3561 431
1633 227
350 2451
3203 3192
2501 3711
681 4171
1483 1114
4479 1578
1689 2409
277 1197
1184 4817
3669 3397
4401 2187
1876 1501
2229 3604
2209 147
800 3401
2225 4401
2151 4026
4936 361
633 1139
1133 2594
3261 2491
1235 3166
3025 3601
3509 938
2669 4983
221 935
1223 3962
4561 3041
1614 4099
2077 4268
3781 100
1965 1271
1378 3887
2501 1549
232 3585
923 3598
4145 2811
2561 1375
2945 296
1005 2591
2193 2197
1861 3845
3730 3131
4113 2325
1961 4239
1288 3945
4161 336
3765 3571
1971 1202
1626 4751
3641 341
3269 3285
871 3690
1357 220
4379 723
2063 4423
2987 275
2945 3481
4213 1725
685 3791
3261 381
1781 4221
2547 3203
2633 1537
2605 4181
101 301
4375 3751
1981 2391
2549 4788
2761 3521
1193 2969
4871 911
2868 4109
3393 3263
1812 365
1595 3836
1785 3441
59 3883
265 2761
3993 3529
1271 118
1586 3531
4681 1241
50 4951
1333 4438
2670 3991
1589 3437
4156 3805
1673 2489
1826 3651
834 3235
233 2553
1441 773
3341 4342
4458 3607
1786 1391
961 1521
3195 1706
2881 3221
3170 2191
861 2944
1951 1766
361 3041
543 3095
651 651
2261 4030
1177 3113
2921 3710
626 1391
403 2118
1061 3934
1243 2780
4623 403
1600 3601
4761 1925
1691 1491
3497 2929
601 4201
4201 1651
2273 1105
1051 3276
3813 725
1291 211
2993 2514
1854 107
2776 4441
1751 3876
1876 2501
585 3321
466 671
1931 3611
2631 931
2342 3123
4537 1593
394 4855
2105 4816
4291 846
1590 4811
2999 3667
3214 1547
2580 821
2500 2501
1142 3103
4939 4938
2526 2351
3193 4327
62 1895
2126 4631
529 1194
310 1211
2379 1807
3563 1519
1247 743
1657 2485
3906 2227
4441 2241
2145 4761
27 2352
3111 1611
4594 1147
3675 2576
4901 3235
1438 4447
2655 1306
2870 2271
1091 3156
3489 545
48 1729
409 3577
4863 2907
1385 1981
2139 315
2472 1129
1012 1757
4691 1155
4253 1479
709 2970
379 4327
5 3061
1744 3033
1681 206
3699 4055
4247 844
2130 4931
1543 1907
1215 2456
3968 3617
121 3336
2013 2708
1407 2779
4593 185
3865 961
2115 2646
3608 553
1089 3709
2633 97
4627 3252
1266 803
3677 4133
159 119
3517 4229
3436 973
3526 1891
1717 267
3771 3340
2590 91
1533 920
1161 1115
1741 3357
856 1145
4865 481
2216 385
2297 3277
4765 2941
3073 2709
3640 1761
4229 3764
4505 91
201 2201
4885 1061
89 3114
2280 4081
570 791
1051 1095
612 3045
3666 1971
3999 3823
597 955
601 4801
2921 4529
4796 2173
1300 101
1782 4323
1140 1341
2348 4845
613 159
4277 4085
2188 3477
4696 3441
1391 1891
4491 2206
3575 2726
4505 3871
2987 815
1405 3396
2881 3797
2681 441
1385 1161
2554 175
327 1059
2574 275
1001 1001
3359 4158
3032 2945
4969 4625
737 4553
4461 3947
1140 4141
2801 4176
1691 471
2500 2501
164 3293
411 1711
1166 1755
1212 1845
2253 760
2751 2751
4231 2775
2030 1331
1731 1466
1506 4791
1 2961
4906 419
4353 2494
2388 1189
3988 3309
3901 191
2047 1287
3221 1581
4551 3726
2561 4136
3048 1297
1161 3831
3849 1905
2713 2669
1781 2821
1549 4700
3522 3935
507 3452
2337 3425
4920 1081
3193 1050
3061 410
2076 101
191 186
2361 181
4793 523
3243 2670
2417 4245
4569 4344
1933 167
661 917
3848 3353
2879 102
2930 1631
288 4425
791 1227
545 3141
2384 2497
1116 2381
637 3423
3845 1416
2387 1195
4501 2621
4593 4229
2153 3789
2140 1421
3555 4411
315 2611
3477 2503
683 3144
1253 315
3041 2417
3236 69
4915 891
4817 4415
3445 4421
4404 4565
2661 1781
3081 3025
3355 4236
4269 4293
921 521
2401 1201
4685 4156
1826 2935
593 72
4293 4685
4886 3611
1789 2782
1826 327
4550 151
3193 997
4505 2281
3281 22
617 673
1105 1681
1356 4237
4884 3037
2034 2607
974 3555
3541 2436
4567 803
3206 303
3509 2668
85 4141
4121 1841
641 4379
3911 446
1727 1908
1090 4231
4638 907
366 3631
4170 3611
2969 4805
227 1872
3345 2331
665 1461
1653 979
2289 3750
3789 2430
3347 1567
1057 3145
2326 2711
509 2124
2493 4174
2505 2116
515 391
4065 2531
1597 2762
3936 3241
4516 1709
151 3999
1935 2271
4431 2544
3809 1359
1481 2069
4801 1411
3976 2281
51 1743
4781 244
4185 561
3253 1445
3056 2769
4413 2622
1981 4221
2429 2908
3321 1186
2073 4873
1927 2444
1031 2366
121 3845
3566 2471
1465 4646
3857 2465
380 1461
1151 3470
3425 3301
1037 1885
851 1926
2005 4446
1853 3650
1499 2624
2993 4637
631 1754
1104 673
1945 3721
3900 4301
289 1977
4465 171
3606 4131
4430 4191
4281 2633
169 2285
1201 1973
3914 3079
4081 4321
4253 1837
1839 4154
629 3677
221 4116
3050 4551
233 3129
102 755
4451 4046
945 1456
3983 4878
4713 3033
1343 4615
4549 4035
4227 3547
948 3285
1409 4425
3467 2799
1453 453
3923 2232
561 240
1402 1639
2529 1529
309 4455
1401 611
4665 1886
974 2339
1295 3631
2319 255
3185 511
1116 1669
981 1699
2265 3861
4805 1661
3500 4501
2459 1902
520 3161
4879 4247
4910 2031
4771 696
3858 3547
2169 2433
1438 3683
4896 1513
646 635
3451 3351
1631 486
238 2367
546 3731
1041 2561
1531 3311
4117 728
3991 1262
3595 1616
476 2901
4925 1151
797 1938
2521 2321
2129 2275
2161 2495
4273 3225
4818 2479
993 4169
4327 2759
3387 2918
1482 4515
3201 4641
3433 433
2371 1511
2806 791
1951 2696
3524 845
1271 4646
2711 1907
3309 3087
55 3191
738 123
4533 600
4497 4370
4885 4091
227 2667
2098 3415
2871 2658
2577 3252
2151 247
2629 2578
1441 1396
3221 4466
1609 2670
2513 3797
4564 4077
2686 1059
501 572
4521 4241
439 959
2817 2415
3901 2517
1047 2835
4711 2759
1965 4536
1669 758
3021 2341
365 1191
3752 1769
3852 3133
2199 1212
4641 386
3369 1889
465 1431
3645 631
237 37
1677 773
3774 15
3368 777
2512 3865
2530 2611
1889 4114
3131 4240
1352 2689
3739 4383
4215 2291
4006 1927
3804 2309
2331 2875
4073 745
1124 2725
2984 1665
4320 1921
1933 309
2501 126
1848 49
1016 1161
941 4397
1783 4512
1849 4767
1465 4241
4173 4960
4830 2971
2981 611
1697 1837
593 4617
1397 4527
3117 2343
2406 4055
869 1627
625 1
2873 1833
2532 2117
4165 2581
1393 1947
382 2223
1664 1793
437 2204
57 2567
4561 2083
3139 4723
2123 3622
4744 593
4289 2949
1301 3901
4597 3932
4595 2471
3132 4669
1764 2957
620 181
3361 331
1708 4405
1687 1955
3313 2803
1005 2861
1301 2181
3921 4839
2711 2379
643 3007
3581 1366
5 4221
1041 4778
1473 398
3801 2451
4921 2143
997 4252
4351 326
3889 2493
2809 3978
20 3661
976 1201
4777 1597
1 2751
3071 2099
1439 3139
2857 729
2037 259
920 3961
4311 650
2877 4183
2338 3319
3321 3773
2759 4507
1877 365
537 767
1212 2757
4321 3765
1101 3047
1076 1781
4548 3229
3225 4201
2553 1165
4226 2471
1286 1211
101 2316
4111 4646
4177 3614
89 2207
4121 1836
2185 4041
3665 1406
789 1027
1164 4925
3041 3167
1316 4341
4679 4299
2721 1369
3080 1521
4358 2199
771 2575
3527 663
1723 3372
785 3091
837 3010
4737 4089
4045 2336
3067 1227
1937 4459
1657 4215
3713 4727
310 2931
3020 1821
4247 3795
4580 2341
1974 127
2969 4683
2837 2224
1276 2461
790 2531
3263 4163
3534 1339
4641 1381
3386 4331
1291 1859
1675 951
3951 1095
4403 303
202 3083
4945 4081
401 223
611 2816
2581 4461
4143 1700
3385 2646
2617 4893
2001 76
167 379
2689 643
4857 1182
2169 3073
2909 1867
2646 3543
80 2481
4376 2641
190 3011
3141 4936
1117 4054
941 4280
2409 23
2465 2561
1129 2417
1657 457
3307 44
2785 1236
3007 1279
556 4365
1778 4115
1483 1415
1481 1713
2065 4641
809 2874
364 3685
2613 3834
1176 2801
2083 1783
4417 2633
1711 3306
2321 2766
948 1493
907 2350
1937 850
1151 3076
2681 545
3397 3068
3799 3608
1799 1067
621 606
2805 3336
1213 524
4890 2731
777 1217
2841 4321
4619 367
4001 2276
601 4623
1921 3699
2401 1851
639 3648
2001 2881
4601 776
693 765
4767 652
1057 3069
1643 520
472 4673
4641 96
235 4871
1302 2903
4633 3057
4643 4002
4857 4070
3419 2019
4691 622
3785 4521
3416 1681
2022 4259
2491 3514
3725 3651
2363 3502
81 286
2230 1971
3363 3675
3547 2858
4329 2913
4527 860
2372 909
4997 204
1345 2681
17 2873
747 1164
2401 4231
4041 611
883 4559
1891 4734
2369 4198
4170 2311
751 843
653 2509
2144 977
3051 1130
1 3941
717 4869
3291 3791
661 1275
3340 221
1059 1170
1857 3563
751 911
2801 81
767 3942
1262 2779
1833 993
4057 4908
163 2139
1457 1425
3961 2819
3230 3211
1861 639
1497 4787
4321 2121
760 3241
9 717
3314 3519
2839 1623
489 1149
2779 2954
4177 3294
3286 275
1212 1557
2739 4670
2623 4834
1061 1396
268 2965
3441 3911
2659 3134
190 1171
2137 275
1701 831
2917 1978
3753 159
1609 3059
4576 1305
917 2269
2396 2381
2903 1228
2232 1473
4329 3335
4612 1085
4065 2911
42 3563
3073 4393
3855 4666
4701 3982
2041 3141
1476 901
941 3816
2703 567
1051 3826
2626 1451
2921 4646
4679 683
451 4982
4456 3161
2743 214
1571 2188
1312 1217
2101 3551
2346 955
1169 2390
2929 1743
4294 4063
4627 4159
2151 3726
4227 2870
824 713
2317 4719
4454 2079
585 346
3254 355
1221 4146
3301 4151
4243 3972
2659 4230
453 1150
1756 1325
3251 2886
474 495
3029 1292
257 4022
297 998
1799 3558
3907 2294
3624 4169
3928 1057
2610 2111
4185 681
1605 4071
4585 311
2604 3165
1876 2501
2688 1793
3140 3381
1479 4399
4683 4320
2576 2601
506 3591
1665 906
2307 4192
1624 1457
3441 937
4005 1156
249 3545
815 4871
3437 1410
2617 1255
2303 1403
2161 2097
2809 1072
1271 100
4366 587
1182 1327
647 2488
2913 4319
921 4638
4274 803
1641 2925
2812 2005
3953 1480
2641 4791
2649 2983
2181 4299
3843 495
1783 3732
2665 4281
1503 360
3180 341
1905 2931
3121 2081
4861 1957
1611 3479
1459 1567
4765 2581
571 367
4793 1929
4724 877
3705 1241
1081 1016
1941 2013
4496 497
3845 156
2308 3405
795 2556
316 3693
2914 1803
3911 4606
2035 1666
1674 3659
2057 3768
603 4464
71 331
4601 3400
2333 2853
4009 1025
4601 3448
886 991
3929 4655
4739 3655
3465 3881
1523 2259
4585 3596
2797 2117
2771 2271
221 3261
1625 4751
2286 4843
1379 4122
3074 4887
1526 3811
1817 3453
4681 321
2313 3459
153 3745
2985 1021
2542 3035
4641 1927
461 1079
1119 2015
3255 96
2891 2383
3253 4190
2710 431
3896 57
3472 3377
1069 3428
2223 1420
4924 709
4457 904
1753 525
517 4003
3895 2991
4759 2039
4395 1091
3124 1493
1259 4432
3251 1172
4933 3344
3321 2241
721 4737
4465 4481
2269 2939
1137 2325
4433 3557
1569 265
489 1817
4545 1281
2377 1634
515 3871
4221 4711
3934 2367
4261 2856
4457 2969
4585 3831
3481 2981
3817 2449
2243 3494
1133 3924
605 2981
775 1951
3149 3840
2601 1048
1421 1997
1621 4303
4441 661
4241 4321
3195 731
523 167
3171 1571
2991 2407
2313 2369
1745 4441
3231 2055
3001 741
583 3248
625 1
1555 4291
1117 2535
1041 4156
4777 937
4841 3337
2124 4269
2309 4395
1545 4861
2877 893
3305 4821
3431 3383
993 728
2201 1801
3938 1043
2978 4115
441 4621
1221 3311
3087 1304
4488 3393
329 4980
1473 973
2309 4132
4477 4387
3329 1612
465 1341
841 4411
267 2475
2751 1376
1321 3561
702 1079
4526 399
3539 1752
4842 3679
2361 1873
4233 2813
3587 1339
3901 1488
3809 4889
4169 1425
3001 3401
3343 655
2933 2805
1255 1471
4609 513
3240 3481
4641 2481
4836 997
2005 221
2897 624
1697 2669
621 844
2694 523
2126 4251
441 3436
626 2751
1471 302
997 397
1585 3521
3687 1900
3916 2029
3461 71
2740 4421
1467 2722
3932 1757
4002 1503
2489 2495
4361 4185
2953 2530
2449 1898
4745 821
362 2083
1847 2679
2273 2389
4491 3598
3563 1802
1756 3333
3401 3471
1203 2867
3580 741
2201 4201
101 1106
4041 4661
4493 645
731 3698
2873 684
460 1541
1058 1687
3913 2549
134 363
723 2270
4021 285
129 2959
909 4447
633 4924
2145 2956
2933 390
651 1127
1353 2357
3589 4498
3977 4060
2015 2911
1463 2170
3681 311
1151 4486
2193 3295
1321 1498
4765 1221
3347 903
3393 575
2444 805
253 1159
2401 4151
4041 1867
3987 2140
4597 789
523 1458
396 2309
2046 395
3874 159
3737 2897
4314 2707
673 3513
4045 4031
2345 1421
151 4691
2285 4971
1025 3201
2071 1816
2455 1171
3177 2569
1797 4908
1331 1586
2327 4310
4693 4068
807 3799
2483 3627
2215 1491
417 2985
1453 1455
3831 1536
4585 2071
2833 4025
2713 413
1169 1595
2232 657
253 1178
69 764
966 3931
3880 4561
3287 4260
2537 1254
2832 4377
4361 3209
4241 4381
3899 3334
1970 1811
869 143
735 1216
3585 3781
1001 781
4499 4755
2687 1843
1021 1691
4655 516
2466 4011
3905 1136
2241 3209
1171 3711
3265 3746
1803 1059
2555 1516
964 597
2515 1991
843 1834
2511 3236
4326 3551
2201 1625
1017 1665
2262 2267
2326 1979
3784 3257
1175 2051
2278 1835
2319 1822
3687 4855
1230 111
671 131
4053 2955
2551 2551
3665 1891
3383 172
1159 4474
1192 2713
3957 2700
4426 2691
3967 87
3265 1516
4666 3331
1759 555
874 4575
2527 4310
4095 3756
465 3021
3353 4003
923 2923
4717 3870
4995 4771
4531 3896
186 2091
1569 4415
353 3473
3006 211
1596 3941
3001 41
2215 3471
1507 1718
641 641
2209 1959
1497 1887
2978 2319
1641 256
4020 3941
4493 1382
1224 4769
4409 2637
4326 3715
4263 680
3921 1841
1261 2963
2854 2767
2301 3546
4289 2295
801 3011
1389 2508
3761 441
471 1486
765 766
2375 2751
4761 221
4771 1948
3507 2295
4288 777
1791 3731
2349 3055
4377 3803
1729 1825
3381 1431
4934 447
276 1901
98 587
1745 1781
1161 2339
2741 4461
3629 4517
4583 2495
151 3759
3841 2185
2240 4761
3281 1547
1941 405
2243 2338
2296 2913
2981 3469
4397 4323
6 115
3175 4926
1292 53
3239 2234
2338 1507
2821 3736
3945 2481
1528 3209
2511 3106
1563 4092
2793 4065
1373 1477
3530 911
1985 2641
3731 586
3856 385
81 185
4181 2671
1005 3341
4387 4964
2951 4923
836 2541
2181 3309
2645 2611
2193 4739
2480 1641
1261 221
2653 1222
393 939
4073 505
4526 2891
961 4221
161 4661
3617 5000
430 1771
4449 2369
2647 1763
1691 4259
3671 2724
3313 285
3231 3086
3773 1013
2133 2523
1123 4199
4120 4281
289 2804
2951 2306
201 1609
3175 4451
3022 3079
3147 1295
106 4135
4701 1413
585 4571
2466 291
1415 2731
3125 4376
4981 3861
4765 1541
1085 1846
2103 1739
2400 1201
3657 83
161 484
3637 2303
3913 3913
4337 4917
1503 1103
1529 3929
95 571
3681 861
3311 1556
365 2886
1081 3241
3734 3543
3377 2017
2521 1093
4767 3118
3539 3022
3749 4933
2257 2365
4882 4219
1909 4180
3215 3611
4469 3893
403 404
241 2411
536 1617
1298 4279
4668 685
1738 2783
796 1741
3229 1245
2239 1127
2141 2821
993 2735
5000 1
816 1513
2121 2866
4641 4538
4301 3011
457 1829
407 815
999 3992
2751 3816
4954 3207
4569 4313
275 726
3137 1755
1689 2829
4628 3885
2244 4053
2751 3776
4216 3745
1203 1354
2539 1483
1165 4416
1134 4175
1391 1731
4989 4869
121 1937
617 2894
3761 3982
2647 2059
2101 2526
2577 237
877 605
646 3283
3457 313
2121 3937
1091 187
2423 2804
3202 1455
676 3941
741 3166
256 3961
4003 3052
2531 931
1257 57
4667 2019
841 1821
169 4465
2649 1259
181 4956
2741 4461
2879 919
3366 1471
4157 2677
211 1267
3861 271
4081 3241
4391 3558
4349 1149
3789 469
727 179
3917 2602
1051 2551
801 1409
1055 2796
3209 525
4695 1036
2176 4401
810 3071
145 1741
1447 3268
4322 4323
4669 3677
1621 2261
2957 4679
4129 2129
4933 1852
2921 2184
584 4457
1541 4756
361 2221
899 284
3321 1421
2017 2188
1764 1765
1981 754
4137 659
4181 1766
1291 186
3353 1825
975 3276
3186 4743
3231 4007
4571 3847
1586 1587
2998 1943
2639 2507
3706 591
3121 4745
4272 2817
1431 2224
1512 4089
2613 3165
1774 1119
1252 3805
3801 2857
52 2965
976 4641
4401 1041
1001 1037
43 2323
2685 456
3751 2511
1167 1168
4381 3811
1373 3754
1953 3907
2621 1695
3841 3641
3181 4517
2021 1156
1713 373
656 17
2929 1244
3529 3509
2051 766
4346 4031
5 291
1217 3153
3745 4681
3801 51
3311 2039
621 3535
431 171
1609 3150
3677 1205
4065 1341
989 1429
821 3063
2069 2588
1289 157
2051 3571
4641 2436
4505 3121
4363 3535
3449 4675
2420 341
4153 4673
837 1917
3313 1505
3276 1557
4009 3109
3362 1979
2859 2155
3939 4988
505 2271
3511 4595
531 3807
3766 1491
61 1221
4233 2389
2081 3325
2127 1795
4353 1357
1209 4509
3967 1242
429 2309
401 3071
497 2833
793 1345
3126 3151
351 2551
4881 241
4641 1411
30 1291
3385 2481
2503 2654
4551 3776
2010 1631
784 2145
3087 2307
3635 3131
1426 1391
4321 4261
3135 1271
1751 3776
4525 4826
1802 2843
261 2831
2546 3191
2831 4016
297 2129
4541 1231
3914 227
1553 605
4419 1884
3261 2828
642 643
1810 431
2572 2037
1577 2237
513 3469
2656 2961
4827 659
521 3337
2236 4565
4497 3845
1940 1861
3095 4756
1675 3851
4561 856
2816 1721
3389 3557
2025 2026
3070 3071
4661 4661
2565 1821
599 2347
3148 1845
2025 551
1326 3151
3593 3395
1765 2061
3221 4327
573 1932
1801 3061
4571 2131
373 4992
2672 769
4556 4461
2868 2589
3471 4544
4771 383
2901 3021
1609 2233
3139 1503
1661 2983
4465 2531
2506 2891
4025 276
3021 3442
3801 4822
4427 1194
4198 1179
1501 3530
2981 3671
81 406
1701 4124
2411 4111
2421 1683
3445 816
4923 2075
1065 2421
335 696
4753 2157
2415 71
4865 2441
4266 2567
1241 4461
4849 2149
1776 3881
3976 4401
2225 1801
261 221
201 4649
41 411
4690 4191
2045 2261
673 1153
2874 2323
2191 1686
4997 4959
4465 21
4719 2472
4446 3963
369 4355
3105 3311
2965 1861
2465 4441
3771 4612
1816 353
2831 4086
2097 3389
4353 1357
4073 3315
2751 2551
1769 2837
2561 977
3678 747
1095 4856
1903 2763
2815 3606
1401 1041
2855 2116
3431 190
1209 943
4777 4649
3869 3215
257 3739
4495 911
1441 4169
937 2473
2983 998
4917 519
4369 4905
4367 4304
668 2733
2475 2026
4441 1461
3132 3245
751 2511
32 353
341 3871
728 4409
4185 1211
1196 781
41 1641
2021 4568
4481 4621
2724 4965
2975 3051
4049 3373
3951 2551
4963 2522
2048 3433
4102 3427
4256 2889
2245 821
3885 871
516 2581
4525 301
1561 1149
1907 2932
3657 4793
3303 1848
1604 3685
4339 1290
1737 1169
2385 1091
1721 1142
1369 1665
1761 3806
4371 566
2638 123
2961 3441
4451 4316
1245 4981
4577 3775
533 4062
4713 77
1548 1333
2981 1165
4379 878
577 3079
3409 909
3031 931
143 1007
2913 4043
1369 4285
4407 4084
1560 2761
166 3467
3823 850
1497 2995
321 2656
1884 4709
536 2681
2441 3113
2445 4696
1564 405
2056 3737
2326 1283
1531 2675
1461 4512
3961 519
1096 553
2926 2187
473 1893
431 1466
1333 3653
3873 493
3061 2245
4231 1171
2229 1573
3576 161
1447 1964
980 981
2271 1738
1481 4621
2829 2767
954 2863
4365 1981
1691 3967
3649 2047
1226 4595
281 3431
2344 473
3701 4805
711 666
2697 2609
3586 2231
4625 4876
2839 4747
3633 4853
3360 561
4881 2621
1273 3743
2406 2219
3985 941
2146 4491
281 1861
2785 1971
1396 3861
4013 1053
1619 1523
2733 467
2313 2009
3851 2551
127 1779
3901 4011
119 3095
1165 1116
1321 3693
4126 2907
1176 4401
3916 4053
1765 2356
4225 1601
1753 1097
512 3945
4413 4173
4247 3495
4655 171
4735 4366
1221 4421
761 2617
1599 788
3596 1749
4226 295
3637 4125
595 2496
3021 211
1117 3085
4137 2207
4244 517
903 1539
471 4131
3574 2203
449 84
4983 3828
3669 4677
3401 4467
1013 1339
4025 1601
501 4029
361 2022
197 3078
2977 265
3281 2960
3242 4727
3006 2415
647 2175
2161 85
3821 4631
2344 4849
3953 1497
1141 103
4593 4187
3136 2481
3283 1472
3949 2165
449 3737
2993 917
1 31
2841 4097
969 1513
3553 4757
2400 3401
1459 1295
1505 2041
765 4891
4221 3261
2851 3511
4062 4683
1209 4345
3415 1471
4747 1399
3605 3621
345 2941
732 509
1121 3471
2617 4404
1766 4791
44 2245
4327 4332
2321 3211
1857 1709
347 3250
2713 113
3082 67
641 4103
359 3310
2107 2927
2526 4191
4283 2095
2898 2227
1257 197
469 1885
359 4668
1433 857
2758 4627
3898 3963
4012 2757
2966 1267
3145 161
987 1715
936 2761
3071 4214
3421 3156
1989 3484
574 4759
2261 4045
1441 871
4707 4179
1577 502
1393 4900
260 2541
1320 4681
4634 2923
2557 3470
967 1582
2744 4337
1991 4506
2505 221
111 3331
4721 2189
4089 2692
2205 3666
2877 2204
1564 4149
3561 611
513 2060
1315 1531
656 2641
2163 2759
4156 2085
4447 24
4157 4827
4186 2091
1537 1054
2515 2786
2426 4911
3473 1705
3751 3776
849 2263
3176 4681
3245 661
3923 3919
2981 3671
2305 2661
2601 4041
1145 1031
2261 2611
1816 777
4660 3781
776 441
4451 2256
3455 3031
1981 2165
4971 4044
2350 851
4385 641
3945 4361
1498 1379
3196 4589
221 29
2951 3286
3403 1807
2992 865
2081 3269
3441 2529
701 2526
2733 2923
1373 4818
3433 3733
2265 771
2837 3199
1587 4523
1801 2469
1204 1773
1561 3027
1433 3723
1839 688
2635 3036
4233 797
995 3731
3913 2609
3312 2673
2271 2272
736 3705
1192 1257
961 2675
3146 4155
1449 4777
4420 1221
1991 3758
2786 1791
1738 2355
551 4286
3465 4041
1581 2431
4272 537
1281 1241
877 263
782 1423
3084 4293
4264 1577
561 1831
1797 400
4821 1779
35 2171
3742 3679
1511 2419
3461 349
3105 2831
3972 1357
297 2723
4273 4185
3041 3748
1409 177
4513 3313
1906 3591
3721 4073
3821 4261
1233 962
4802 2823
2569 2485
2229 2535
691 692
1723 3888
1510 4931
2105 261
4409 1633
2881 1003
3403 210
569 2882
2045 4531
1781 4671
3544 1073
3761 617
2985 2236
911 3771
318 495
1891 1859
1800 4801
2547 4992
906 4531
1211 1019
3883 374
3907 2235
3941 1703
4308 2389
774 3407
2889 3782
1503 522
2739 2080
4329 4633
2671 66
1881 2573
4937 2733
2960 3481
1011 4650
3448 2745
3219 4315
4109 399
950 351
2653 203
4641 2821
2889 1225
651 571
4273 3102
672 4273
2733 933
2082 4527
3330 1471
2377 902
3631 1787
3985 3161
4069 3210
1911 1127
1786 3939
1201 26
2061 3661
4241 4774
625 1251
4969 4474
3991 4371
4961 4221
629 2709
4261 3271
1576 3097
1204 3629
920 4321
1801 2041
2751 2571
1206 2211
3458 939
3484 3589
2887 899
4317 1972
4939 4147
3155 611
1545 1606
2951 1727
913 1913
3826 651
4871 486
3481 697
4094 3727
993 1917
2876 1901
2079 978
1326 3455
4383 682
4421 2842
1152 2625
3885 4896
1811 434
4693 3423
2291 2075
1971 4711
4761 1856
1761 661
276 4629
896 4281
906 4531
921 261
326 3151
561 4587
487 3864
2469 4877
2809 4327
2425 4701
4513 2469
4529 2973
2161 1441
2228 3733
226 679
2376 4897
4871 971
2309 1580
1105 4891
3976 3441
2517 749
1701 4071
4889 3785
4371 3711
3157 3909
4498 1467
1581 3755
1976 4969
2391 3686
852 4373
1951 1943
4729 3077
1075 2951
85 4421
3944 2265
428 3405
3620 1021
4390 731
2950 51
2506 2507
3451 4511
1011 4650
1188 3213
3969 257
1083 4080
893 1787
4361 4441
1922 3023
364 3469
3023 4415
1273 1473
3773 4418
1795 2311
2649 597
233 3729
2175 3926
2819 4675
2489 4649
3545 2541
2227 130
49 393
1260 4381
82 2543
1461 2661
2916 2061
1788 1853
1042 227
4972 3405
1441 1877
4495 3336
4057 2369
3105 4841
3337 3415
4841 3871
4281 1993
661 3424
4033 3232
497 3797
2587 3330
1409 999
2727 4532
2291 3731
876 661
2116 4061
8 377
481 1545
691 4023
4135 316
726 4123
177 4957
451 1276
641 3975
3191 1787
3625 751
2031 931
302 739
2536 4049
4801 51
3841 2482
2449 1533
3033 2793
3453 4557
2409 4177
2031 2171
4891 2371
1814 1327
3287 1575
1321 2940
4931 1206
2448 4017
413 3999
274 2947
481 4241
4633 1193
4255 4256
3285 4711
4701 51
693 4405
326 4019
1495 831
2169 4522
1791 1866
253 1133
361 2221
2885 21
1952 2089
1783 3028
4381 2765
1822 43
3511 864
201 3066
701 1031
2961 4221
510 1631
4019 1172
3970 2191
3131 2158
4671 3287
1041 2871
4583 3750
3766 1811
4033 3892
2304 2113
437 3355
1176 4401
3296 4241
2401 1066
2329 213
4251 2531
1611 1111
2456 4817
3881 241
317 1485
2959 4582
876 1901
4859 3515
2156 2341
627 4502
595 3091
3817 3060
544 4689
1659 4679
1131 4586
3466 1991
4746 4239
1961 3246
361 1661
2836 981
3721 4653
4769 2989
3801 1225
4747 700
4147 1235
3436 2133
1381 1671
4162 615
4397 4323
4005 3336
2296 3321
2681 4413
261 3312
4995 4896
1941 3821
3946 4731
1934 4767
4101 2526
3796 269
689 1025
4017 1069
610 1711
3041 411
4818 3727
2076 3333
4512 113
3201 3041
4496 305
27 82
4045 621
2279 1603
1711 2927
2141 4166
1701 4021
2851 2107
3250 251
2767 147
321 1421
4551 2551
36 2341
2961 1845
4609 1873
361 1553
1183 3615
3101 51
1161 3577
2673 3305
1421 3421
4812 3533
4341 2166
3193 2177
3281 1861
461 675
233 2564
2695 71
3923 2998
2663 2554
3473 3893
4685 511
1425 2051
776 4401
1737 2273
4859 4860
4233 2049
731 1931
2745 4211
4124 2373
2176 4401
1012 3157
3941 1166
36 1621
4588 3765
2585 4081
4761 3806
3673 1305
2409 954
2956 4341
3537 1593
3723 1583
417 3345
4717 285
571 711
4745 2861
3161 1153
2747 435
1593 4605
3865 2361
1953 3745
3555 3211
4761 2850
1211 4771
2441 1461
3776 4401
4497 2989
4405 3946
409 819
4177 3665
1553 4697
2043 968
1656 4713
21 799
4064 4065
3376 4401
4993 4644
2445 3571
925 2176
2011 1419
1217 2889
4229 2245
4062 1535
3517 4239
1473 893
4653 2919
2372 1229
1660 1221
2835 411
1470 4111
3280 2921
1083 2582
1662 1355
1461 2044
2369 1082
3678 223
4101 1011
2651 1511
3205 4356
4644 1085
4900 2901
1801 4409
2201 26
866 1847
1739 4127
3217 77
3585 4441
4185 4141
2193 3773
601 4834
1711 2643
2969 939
1063 3387
469 3133
1317 269
2941 1461
2521 295
495 691
3434 2607
1281 2646
2412 1957
4601 2021
4173 39
1421 3999
4781 2117
2809 2473
2468 613
509 960
4407 4839
157 653
1849 4793
2480 1321
1003 4148
3680 4761
3528 537
3217 3757
976 3681
4701 51
2058 4959
1873 4985
1067 3078
3736 649
2286 4291
1456 1841
2548 4277
2597 2792
3593 2489
957 3614
833 812
225 401
2354 603
2001 41
1709 128
3168 4889
1177 913
1096 4321
713 714
1586 27
1213 4557
4371 1131
2301 4031
4078 3015
1639 3258
3431 1447
3689 1585
3309 4563
2569 54
1206 3267
4497 1420
471 3950
1441 1461
1081 1889
3801 51
139 4175
1819 467
1711 4106
2895 2371
2481 3785
3097 2389
3212 333
1937 1985
273 2013
1369 3809
3371 406
4456 521
1513 1053
2613 453
1701 207
3436 3341
1525 3301
841 2097
4289 2157
3274 907
696 1065
4551 511
542 55
1753 4025
941 1461
2467 290
3991 2443
4401 26
609 323
395 531
2061 3661
3806 2615
1421 2684
1661 4746
1161 2153
4743 3459
1125 3501
3855 1071
1765 4421
4423 4615
1706 3531
324 973
1321 4261
1462 4855
93 767
85 4846
1294 2879
4953 4625
190 3611
4231 3475
1551 4612
763 4758
2592 3513
1361 271
4136 2409
1641 3461
3617 745
2293 4428
3159 4750
3141 2756
3351 4571
3881 907
309 3288
4331 4966
1889 225
4334 4375
2705 1231
4323 474
1569 2657
1257 2739
207 4523
860 3221
3383 619
4565 2596
743 1347
4371 4148
366 131
3137 289
2461 356
1 36
4609 2797
1665 3241
2153 285
3941 2989
3829 187
569 2555
3697 2457
2272 1769
877 434
1286 1431
1049 1540
665 2661
633 129
3161 1153
2030 2291
643 3082
907 3095
49 2353
2614 3983
1661 1662
1433 3785
4410 3731
2287 584
4061 1149
1505 4081
1666 4971
2540 2941
1451 2551
1554 2363
4977 4449
1071 3208
521 841
276 4693
1251 2535
3426 1023
1889 785
2381 2146
4322 3135
1621 3768
2051 2551
3113 3668
1609 2977
4658 2347
3696 1753
2749 2690
1725 901
2929 4232
4187 3863
2507 239
1592 3457
4965 3181
1709 70
3326 3151
2391 2371
1501 51
569 1139
3849 3169
261 661
505 4341
2857 715
3929 13
2357 4567
2327 1100
4165 4136
1937 1489
2421 4211
1221 3261
3430 171
1361 3466
4875 2376
4386 4387
2249 2993
4723 3907
4503 3163
340 341
3241 3713
4613 3035
4431 3827
129 2225
1399 4562
3201 4418
1219 1943
4131 4586
3369 2060
3281 3431
131 1442
2541 2461
3624 1105
4526 4527
3869 119
109 2195
1867 3287
51 511
3483 899
4361 1134
3357 853
1895 2491
3041 3657
3073 213
2145 3641
3341 461
2521 211
2360 1761
437 245
2251 1276
4663 2140
1201 3016
1610 671
3298 3299
3033 3199
1551 306
1921 1841
493 1200
2811 1843
1281 249
981 1899
241 1871
1801 3061
3631 2086
2597 239
3586 511
1311 1527
345 1211
541 1903
1745 1211
3343 639
2770 2091
1041 2477
2529 1857
699 3282
4437 3540
2961 4505
4826 2391
3079 2739
1147 1527
3731 2516
4646 3275
2747 4387
1711 1863
4881 3573
2741 274
505 4546
3464 2025
857 1857
885 1021
758 2755
4865 4196
585 1171
3801 2603
1501 51
2041 3477
2962 1659
591 3416
161 4831
661 407
221 4504
619 2904
1425 1401
4244 2733
3781 621
4394 3183
3337 1873
2037 4445
4531 2656
1855 3071
2296 4241
3982 3263
4193 1265
4361 2109
2381 2861
4093 93
2749 2192
2758 3079
2945 261
2211 3239
269 3293
2936 3225
2420 21
2258 2255
1020 4781
3073 1775
746 1191
481 4241
3221 1725
4783 462
321 3804
2884 1709
133 2927
2376 2377
485 221
4787 730
1305 1321
1081 2702
16 241
253 1639
2473 3489
1917 2175
936 4681
1791 371
2801 469
291 292
3797 3347
3257 3449
3992 3753
3178 4959
3087 3219
3601 2435
886 887
4501 2526
1802 4823
1077 4387
3416 1393
3571 2119
3490 1011
3263 3622
301 2459
4635 1496
1164 133
2159 2043
2675 851
1241 918
2015 2391
31 2171
3179 3087
4933 1383
743 2894
543 1495
2824 2545
1341 4388
3673 1613
405 4861
4121 4019
1046 1611
2169 3677
2777 1649
3257 4225
2669 2099
3591 2506
161 3704
561 1417
4823 3452
462 2855
4673 2248
4183 2844
863 3507
4531 4842
3962 3963
3887 1543
2941 1765
689 2403
1900 1701
2711 4528
91 2731
1916 3045
1475 2776
4761 1655
1079 3450
1725 3651
4483 879
3185 2296
4135 3291
1579 2107
1081 3241
37 1037
1950 351
2913 4043
695 4886
3004 1029
4441 1492
3032 1017
3769 2843
3964 4733
1781 1861
4751 2551
4905 2911
1293 3014
4862 1307
633 193
1541 3936
1297 3723
4291 1567
1370 1511
3525 4926
1021 1471
403 240
677 4373
4593 3023
3704 2785
3149 47
1182 367
1702 3823
1531 311
2553 2969
1661 2949
3417 4345
960 961
761 2611
1055 1971
1745 2586
3451 4806
3539 2795
2937 3985
2216 2561
3149 1875
865 4791
281 2811
403 2002
392 4017
1450 451
330 2311
378 4915
2241 497
385 4241
407 1804
2109 3413
901 3021
1156 461
163 490
133 533
29 30
1105 831
2817 289
1321 2841
691 366
1626 691
2656 4521
130 591
4 13
1721 3841
101 1011
16 49
277 2743
781 766
2395 886
589 4739
421 2683
4131 3730
1915 1071
160 481
181 906
2727 3167
345 2761
769 4609
875 1626
385 3481
107 215
1401 3457
1179 1550
142 427
96 1825
2146 3031
495 1436
1408 4337
661 1814
3382 3359
868 4757
1633 3385
3316 4117
2401 51
1740 4381
63 64
321 2841
639 2063
2707 3663
2201 51
1057 737
1377 4212
337 4155
3173 4997
225 1576
1723 2367
2707 988
1519 4875
638 3295
977 633
1081 4459
403 2002
1401 1041
981 2469
208 1873
1542 3315
729 3955
2421 1525
2341 346
2551 2551
1365 4631
1703 3339
1909 1178
46 231
379 2960
4551 816
3313 3598
162 3727
1035 2771
353 2825
2916 4549
851 1276
3433 3517
339 3815
3214 3915
661 3221
561 1417
273 4283
3961 2661
66 331
625 1
99 199
301 3613
166 1827
361 1661
913 1913
820 661
2209 689
82 247
1201 2649
4217 1455
365 4746
703 2655
507 1662
341 1821
1706 3831
183 1282
3381 813
3150 1051
1420 1861
2379 2540
85 341
1587 1808
2015 1571
2041 4092
568 785
109 1309
465 2441
721 2446
2108 645
639 4059
169 4733
306 3667
919 1870
3658 2403
313 2505
973 2515
2746 2507
1519 4812
3501 71
2689 2097
3649 2994
487 3150
3025 4401
3051 2551
1936 3249
925 351
3037 4554
2341 1733
529 4233
3393 4830
1768 777
2377 4589
703 2963
9 19
2278 2183
2305 2521
2517 1157
35 596
2965 4181
1765 4421
115 2186
145 1741
1681 4137
1441 3231
337 4045
4691 3371
2081 1593
1162 4967
1326 3151
154 1387
1599 154
885 181
1051 2551
1711 19
946 4599
127 382
1825 4026
783 3312
337 3089
241 2231
807 35
373 3127
3469 893
1480 481
3128 4553
3796 3781
369 905
856 1265
2110 271
2441 2641
2109 3413
2053 3015
691 366
926 4263
755 1896
1882 2107
947 722
3706 1243
1665 3291
155 3411
1592 3457
1513 3547
151 2266
324 1157
1701 669
397 3735
375 2751
109 1963
2853 1239
1255 2611
2053 3015
414 4427
61 1221
523 4708
85 596
254 843
91 4096
541 4739
1561 1173
397 1203
2651 504
589 1493
2281 18
33 1057
81 163
761 4460
1231 472
1114 4043
1301 3827
169 2099
273 4642
1293 4135
793 3549
1151 3776
288 2017
1009 1190
559 4659
329 2633
145 871
2591 868
2729 77
1999 2947
93 2140
2073 1089
981 3070
793 4275
2101 3031
251 1276
1351 1478
1021 4429
883 2363
577 773
2113 1425
325 851
1051 1786
177 709
22 463
883 2087
391 84
2991 2587
793 1170
651 1927
3777 1729
3537 3925
113 227
298 3047
701 4071
2296 2097
625 1251
769 2305
2201 51
349 122
1327 119
1358 123
10 11
465 2441
4551 816
851 4468
2861 885
637 2645
199 1195
2243 235
496 4465
537 980
1431 3016
295 2391
737 1952
1793 4753
1179 2402
361 3250
3009 1424
1233 2127
17 137
433 589
568 1929
521 211
373 2239
2545 2161
2101 3536
325 2551
35 36
897 233
1891 96
151 756
631 3396
1892 3653
3151 571
1450 1351
1717 3323
232 2657
1027 4027
545 3531
461 604
91 4096
2899 2638
505 2121
4421 2366
987 3559
1453 1967
661 4916
73 585
793 4275
1770 2971
1156 3149
2807 4123
61 245
295 1771
2413 1869
361 416
2801 51
2521 1261
451 4511
521 1774
2748 2669
2611 1439
721 3261
1021 2358
2647 4704
295 2066
346 3875
4691 3371
1657 1223
1157 3677
872 3425
730 4711
1401 3071
4348 13
109 655
1651 806
2962 4215
541 821
687 4619
981 3671
2065 4121
2205 2891
1219 352
2379 2540
1331 3171
133 2927
176 4401
2680 2761
2258 2739
3075 2976
351 2286
131 1311
281 621
1486 123
22 155
736 1041
1405 4796
3845 3391
1205 1816
2833 2148
625 1
31 311
408 4489
2157 694
1035 3646
60 3541
3423 3535
2461 2661
547 2975
103 1752
321 2841
1181 3621
751 2531
3541 2461
261 1306
925 2951
489 4830
105 841
1551 2551
1621 2535
529 4915
2669 2775
155 1706
2081 3241
353 2767
855 1971
3417 1353
71 143
1135 3836
341 1821
2549 4902
2581 4861
2311 886
755 1896
17 35
631 4171
217 869
869 3879
1729 657
4131 3730
2081 3241
3481 3861
31 94
1531 2055
3433 3517
1358 123
1648 529
2545 2161
241 965
661 1814
3191 506
1678 2155
736 761
1201 1031
1651 2551
2053 3909
2949 4757
225 3151
3037 4703
247 128
433 1692
1409 1997
1675 3851
1021 4715
103 619
1625 1001
385 2311
241 965
2205 3791
841 4436
64 65
1576 921
898 23
73 2629
265 2491
1501 2526
1985 3521
1086 3011
967 2242
133 853
919 1247
1741 2231
53 690
901 2437
1816 4881
57 3193
331 2283
1249 4969
1365 4631
211 4432
253 4555
691 894
991 2704
2641 3461
1427 643
66 331
617 2277
1024 1745
471 2138
1407 2060
119 239
2421 3156
1594 4047
951 3070
1673 3613
613 1035
425 2526
1038 2647
193 3089
900 2901
1945 31
3565 291
1921 261
2073 1702
811 4331
1333 2989
23 507
841 3641
2601 253
547 1334
507 1662
1122 1319
2977 4575
477 1219
1729 329
199 1195
904 3985
2341 2166
2357 1135
703 4140
929 1942
2157 694
344 2409
247 128
2481 3823
778 3787
2899 1759
768 313
1376 681
39 1483
2605 4411
589 3247
1408 4337
501 11
397 4368
1176 273
641 641
3079 504
1961 2271
1531 931
257 2057
113 905
451 1766
2794 1907
1945 21
85 1021
1889 449
3329 3109
1387 4128
586 1371
657 1938
1459 4394
87 3742
160 481
69 139
1501 31
1996 3773
4155 2611
834 4179
913 2042
32 33
261 1966
801 633
43 259
1429 3587
1140 1381
316 2845
3307 1807
246 3611
2710 731
961 4221
276 3037
371 3728
50 51
471 2138
163 3803
2492 2077
369 2953
491 1875
2321 2841
12 13
226 2035
551 2123
61 367
945 756
76 229
385 3481
526 3411
28 29
265 831
2458 4855
817 4609
4417 2689
485 1341
2319 1460
151 4531
2015 1571
166 831
1531 2055
2774 3667
27 55
4356 3141
1445 4911
698 3619
1861 1661
211 1056
1408 4337
449 4369
2899 2638
2258 2739
3037 3629
361 4441
1379 3088
2977 4575
2091 4459
103 310
301 1506
976 4641
1345 3246
593 1942
2016 2497
352 3169
709 3509
817 4609
562 1183
613 1035
553 4425
732 1477
323 4523
1221 4482
235 2116
2761 2007
1225 3301
163 3803
29 59
274 687
169 1184
2053 3909
2377 4589
377 2720
2501 51
2092 773
1518 1167
373 1564
2689 2939
257 1449
172 1549
683 2514
1682 3963
257 3225
436 2645
221 4725
885 1021
1021 631
341 1595
649 2789
121 2261
3473 4489
849 4998
3301 2867
369 3488
451 1276
3706 891
649 47
817 3073
1067 2743
8 9
1678 443
277 2743
161 1611
496 2321
271 1356
889 2894
967 4483
1156 3581
612 2957
249 997
1891 1186
2258 3547
3011 4474
106 743
239 1674
10 91
181 1630
481 2697
2333 3650
1471 2971
343 3088
1236 3485
49 99
67 2212
421 1316
3075 2976
2905 1731
987 3624
743 403
991 1803
33 529
181 544
1033 4793
2113 4730
859 2335
2685 3786
1693 4572
1222 215
2278 2183
3217 540
3173 3554
1764 853
2341 461
1905 4541
2185 1771
2913 3129
1036 1621
1764 2325
2554 1227
901 2526
417 422
2729 4199
2110 3071
3151 1796
3010 3511
2751 1306
541 4346
1334 2363
386 4247
4 5
871 1131
601 1011
4149 3090
1765 4131
3529 2625
2861 885
126 631
1928 4049
1301 1021
1225 2476
2047 2552
51 1276
1086 3011
1345 1491
163 490
561 611
1376 4401
1101 3445
1807 895
961 753
433 1692
1171 131
1936 2121
3421 4998
1026 2067
361 1661
2441 2641
3721 3261
638 1263
573 2450
2843 4895
961 3065
3246 1515
1093 1837
417 422
755 1896
2547 1787
1887 2368
61 611
1458 199
40 121
1531 3896
761 441
651 2551
2624 65
821 1421
1312 4929
1519 128
529 1639
276 181
838 2627
85 3571
166 2491
507 1155
1429 2880
1223 1799
811 4331
1981 1317
2598 2303
936 1481
289 2602
2332 1917
703 2963
2233 3447
813 2155
1121 873
1190 3791
352 3169
43 1807
661 4085
1522 4359
326 1191
1729 329
781 4373
3970 111
4013 1768
409 860
49 589
973 2543
1585 4741
505 606
589 4739
961 3065
1041 821
721 3653
1975 2826
595 2131
239 3127
193 2317
1201 4021
142 427
976 3441
946 4191
11 23
301 1021
2081 3213
51 256
2121 4841
129 3257
343 2059
266 1331
1361 4441
271 2440
1176 273
1108 4917
1569 3933
2715 4891
316 4221
1132 2829
547 1334
216 4289
1594 4047
885 46
2311 1771
3541 2461
2289 717
2177 4665
157 2042
751 2531
698 3619
2868 4949
757 898
267 74
1145 4541
1345 2281
201 1006
993 889
1270 4291
1888 1289
1626 651
495 2871
51 511
721 2979
2289 4029
386 3511
2129 4225
103 1752
351 2551
1117 213
1119 3118
769 1913
793 3549
1076 1901
673 1153
1317 1900
1977 127
449 2573
1141 3461
2926 191
3433 3517
3133 1715
371 3728
2737 1010
604 437
85 256
2959 910
612 3765
497 408
181 1517
1233 2127
123 2504
589 2069
3251 2551
4555 631
2245 4496
301 4031
1409 1997
16 241
1432 897
2205 3791
43 259
361 3611
1497 899
133 1464
3501 71
144 1585
931 3966
1345 1491
4624 4057
286 1303
2031 3900
169 2367
229 1375
2109 1707
244 2197
561 4271
1379 855
251 2551
760 3361
73 1315
2593 4465
1041 821
4555 4296
540 1461
1035 3646
1174 4959
1857 4425
473 2908
404 253
1621 3357
1485 3706
511 2666
391 2347
471 2138
1611 2054
1588 1525
378 963
2861 2356
936 913
947 722
531 311
21 421
1925 1226
331 3311
508 1605
209 1673
936 1481
726 1055
386 2703
1009 1145
1365 2316
1321 4631
421 3842
71 356
2915 731
199 3135
601 1061
309 1799
757 3627
505 4041
1427 643
205 456
2333 2653
3329 3109
1161 3221
868 4269
1312 4929
2993 1693
3163 1107
256 1281
721 1537
1793 2377
201 51
766 4471
3301 1556
705 1021
133 853
1513 4729
628 797
1675 226
1681 2241
2209 1033
257 2057
42 1723
1103 1915
505 1061
2857 4993
817 1668
1665 1561
3659 1859
211 1056
281 2811
186 1883
67 2212
51 511
901 1219
1882 2107
277 4114
217 1719
1201 2061
409 2455
3121 4809
211 2386
4149 3090
241 1206
1255 1416
529 4915
1369 3034
1981 4146
2748 2669
1261 309
1405 2936
990 2571
2990 1511
435 3486
609 3143
1625 501
469 1098
518 699
2245 2661
41 206
2843 4308
2419 4342
441 3821
481 4811
177 2789
89 179
1393 3433
1281 1985
497 2953
1366 3275
435 1091
49 589
433 1692
323 4859
1961 4909
3565 2511
287 3732
514 4627
24 25
154 1387
1877 2557
2353 3827
2071 267
2916 381
697 3365
2031 2799
581 1621
1476 2085
925 1051
2553 2333
851 2551
131 656
1426 651
229 3054
3291 371
117 469
393 2009
2022 35
55 2971
2521 3824
81 1297
2990 1511
3361 1329
3103 842
2369 2654
421 3421
561 4489
745 2881
941 4228
973 29
3552 2985
2029 509
113 1809
3025 3351
913 2348
856 3793
1105 1246
69 2347
2157 4909
586 2855
2 3
829 4845
1486 4039
142 427
631 3835
2521 841
2653 3468
133 400
785 3961
951 3070
351 2286
2075 1576
1393 398
2656 1705
35 596
2014 2855
1333 2989
1716 61
1882 2275
156 781
946 4867
297 2377
474 383
51 511
145 1961
57 799
386 2703
1540 1581
81 649
541 3116
3535 4171
61 611
2380 2821
351 4915
523 4708
73 1753
690 3971
2212 3205
190 571
3244 2469
1751 2571
73 585
1506 4759
766 4067
742 2295
69 4693
1153 2673
1886 4695
1121 1389
694 3723
1282 3203
769 1913
2830 271
3552 2985
3565 291
2479 4119
349 4189
1816 4881
2010 2411
3333 3318
487 3767
2623 4512
2566 471
2977 4575
4027 783
344 2409
849 3585
3836 4341
2926 191
2353 298
477 3110
1233 4049
871 3066
4159 4495
289 405
4093 139
253 1772
1825 4351
646 2779
49 148
1179 4803
511 3688
1912 3689
449 1287
1427 4238
68 69
1038 2647
64 4033
186 1883
3246 1515
92 645
2623 4675
161 1611
1153 3793
79 1028
68 69
34 35
1366 3275
561 3977
919 624
1321 1421
813 3578
625 3126
101 51
1483 4532
3535 4171
902 2807
1162 4967
552 1009
403 2419
2625 3001
596 133
64 4033
156 4837
121 727
691 1787
2666 3291
3121 4809
2319 1460
3351 4518
4693 3818
109 887
1749 1463
441 3821
1161 1441
589 3247
121 2421
1483 4532
442 3095
1476 1901
2245 1331
2409 3588
273 1093
1901 51
457 3657
4201 2061
505 4041
115 1556
1417 4009
1740 1781
73 1753
1240 3161
226 651
577 1929
4081 4861
1877 760
1135 3836
673 1153
801 633
37 1333
406 3655
2549 2549
526 1047
1179 1550
3083 1819
3411 2606
3895 4806
1251 1276
1411 2331
155 2171
2171 1971
1103 1988
401 3209
3026 1431
1646 2611
265 3746
2017 2072
421 261
785 2561
231 1156
1429 3587
397 4368
1441 4585
651 3464
3079 504
1717 549
199 3583
595 2131
800 2601
61 1831
397 4368
355 2131
181 1517
307 2764
919 1543
379 1823
339 4408
481 3849
993 1567
161 1611
856 3521
337 3873
190 1331
701 4536
46 139
3361 1329
2521 1177
1750 2751
61 733
417 1673
57 400
562 3663
826 431
4411 3771
901 2437
2416 1705
1103 3975
1132 2829
379 3412
604 469
3175 4076
1821 3736
769 4217
1519 4812
61 306
421 4471
1408 4569
184 553
2341 461
45 1981
191 956
2332 1917
2625 2626
667 4680
3150 3051
911 3687
1153 3793
15 31
785 991
1312 4929
54 55
1537 3777
5 11
191 956
953 3343
323 2430
2443 1239
1189 1159
1912 4569
1141 1680
211 4771
2748 2669
3535 4171
817 3073
732 2445
409 4817
2075 551
115 1556
67 202
40 121
1653 1285
1321 1705
2439 2195
829 4068
1693 4572
39 1483
3887 447
1405 3061
783 3312
1939 3890
855 2156
1123 4092
109 1309
2449 4900
1886 4695
3469 893
559 2330
62 63
2807 4123
1236 341
3845 3391
1814 3887
445 1466
277 1109
7 22
3181 3594
1926 2411
1057 737
1303 394
49 197
1542 3315
2341 1300
2761 661
760 2481
2017 1817
601 3031
2656 1705
406 1091
1567 4619
376 4401
1703 3012
229 3054
841 323
188 2069
716 4381
2633 3752
1684 885
433 589
1041 1657
1651 2551
1099 4783
436 1541
1761 441
1282 1923
1205 1816
925 1051
1981 747
3313 4025
4088 3897
253 627
301 51
1569 1882
937 3725
16 17
56 281
385 2311
2001 51
361 4333
1129 2097
4417 4774
900 1101
631 3931
3727 1259
289 4249
897 3705
491 2186
271 1356
1282 3203
476 1901
181 1630
3291 4678
2167 2347
1101 51
313 4070
112 337
1501 61
1828 165
1106 1891
704 1049
1891 96
1067 2743
409 2813
531 311
63 127
2125 1501
21 22
1735 3991
3137 673
685 4046
97 2329
1167 1852
2773 2013
121 1816
1171 1079
291 1879
1565 996
1331 290
69 1174
2581 4861
3217 4417
3081 671
361 1661
1211 1643
1051 1276
541 821
1015 4586
703 4140
3329 3109
1591 2731
541 1231
1665 1581
141 565
1121 873
2002 3059
1145 381
691 894
3103 842
67 202
2633 2449
1933 3378
526 3151
1354 515
661 1611
1270 4691
1489 2319
2071 2900
726 3151
573 4899
4481 3671
1678 2155
1297 39
2276 2941
46 47
112 337
977 4598
958 1615
613 422
9 19
1837 3688
2461 2661
568 113
1345 2281
706 3183
56 3081
1555 2536
148 1037
631 680
163 2935
241 965
768 313
1233 4525
1354 4683
1519 255
1801 1046
841 1775
85 341
801 26
361 416
1531 3082
3961 2661
1489 1160
2517 3130
361 2889
1977 2805
757 599
4341 3871
141 565
1185 3846
1141 3461
1741 4461
709 3509
2521 3824
1401 51
73 585
1981 747
1891 1186
463 4724
811 4331
1189 4238
316 4741
1189 2805
24 25
646 2779
881 4383
336 2513
95 4466
3069 4589
457 1050
1306 2875
1333 2989
657 513
148 3109
435 1971
961 3065
1888 4857
2857 708
197 1380
256 3057
507 1155
3181 861
103 619
31 156
1201 2649
745 1191
1743 1782
2333 3650
2075 1576
82 2215
377 2720
196 2645
1411 2331
461 1207
766 4471
1891 2371
43 87
471 2138
3291 371
628 797
3301 1556
3011 4474
197 789
1255 1536
1145 381
1576 4289
277 3325
477 2437
1135 431
237 949
309 3653
875 1626
1225 1651
683 27
246 3611
799 182
2177 4665
2276 4661
2041 4092
1429 3587
807 492
277 1663
2857 4993
1093 907
1891 1186
87 3742
233 933
2319 3123
1240 3161
3249 3443
1497 1797
1191 495
2369 2654
2206 3979
491 2186
865 1521
166 831
213 853
1272 4433
445 341
726 1055
1276 1901
1429 10
381 2621
2465 3041
1141 1680
1541 2871
3025 3351
1123 4707
1128 273
818 175
3151 1796
201 2011
2959 1623
1717 1662
1561 1466
280 3681
521 4169
811 1496
1189 1403
188 2069
3381 813
2601 253
32 993
1873 2429
2773 4700
1457 1593
794 323
154 2619
1849 1773
470 1491
1834 1527
149 597
753 392
2245 1331
85 1786
1233 4049
3565 2511
1409 999
14 183
2509 397
97 195
385 4621
2774 3667
1549 765
217 209
325 2551
3163 1107
631 4466
61 1831
601 3031
1837 4199
345 2761
1008 4153
1141 3461
769 4217
3151 2551
1825 3401
186 931
941 3821
561 2855
1795 6
987 2247
1877 760
3631 4706
257 1449
232 2657
1873 2429
989 1429
551 511
239 3347
953 4805
3711 1684
1513 4729
406 3655
1975 2951
1259 1584
2753 1193
714 1423
1801 1046
3367 2223
481 773
981 3671
307 220
898 1675
1693 949
1777 297
3499 935
