5000
1575 1951
3977 2929
3513 4333
521 3823
297 1633
887 4394
4089 1015
1071 696
506 2503
3937 2270
4694 2107
4876 1941
2675 1651
1541 679
3221 4677
4173 4372
1028 3485
3233 2125
4825 2901
4315 2946
839 4995
1295 2491
3629 4635
3137 2309
3915 4471
809 705
1181 928
1771 1096
3626 4631
3391 339
4691 4490
376 3001
2557 4133
3749 2637
1914 4127
4829 1718
1876 1453
1401 321
2633 2714
3839 3330
2528 1777
1311 2466
3993 4537
1899 4284
1753 1887
3790 2471
4125 1126
2215 196
891 3216
4951 1576
3299 3334
1673 2422
530 11
158 1695
361 3446
383 3315
1509 549
3055 796
4412 4637
2257 4288
4775 4826
3108 1749
4086 3991
2144 665
421 261
232 4529
1066 1255
3218 1899
3641 2671
3329 329
2386 2171
4361 221
371 750
915 3791
2033 1009
664 2017
2293 3765
1526 587
573 1949
1440 4881
3721 4711
2793 2473
4937 2139
131 2196
3593 3177
9 3237
4861 4066
4401 1051
1193 3153
4315 3756
2071 1631
3674 4927
2944 2369
4397 238
4922 4767
2931 3796
519 2223
2329 2667
281 4305
1473 328
834 183
729 4240
2472 649
4621 4381
3873 2069
497 2184
2801 2737
4817 1862
481 4569
4756 1277
1817 2677
2001 2121
4783 2254
809 1525
1021 2156
3306 1807
1657 204
3825 601
699 4767
1693 4789
291 816
953 3537
2317 2485
1427 3415
3641 4121
4625 4001
3868 4437
21 2341
4721 289
1395 3406
3665 3016
52 3429
2324 4373
3621 1629
1729 1018
297 3197
3158 819
1041 4281
687 2344
921 4986
1873 1177
3361 2416
3801 2171
2793 2865
1126 4251
4433 4843
3225 1076
627 3743
1593 1775
3251 3251
3521 4314
2910 511
2982 2543
935 1806
1044 1429
1829 52
3109 3453
4801 1341
1033 2753
2097 193
4343 2570
3128 2857
1441 721
631 996
2126 751
69 3469
3503 3039
1841 1671
4001 2337
3531 4002
2441 4961
91 4584
329 1633
2785 4011
2025 801
1196 3485
2247 1607
4137 4769
1785 2761
2321 4409
1611 1427
2589 4898
2925 3901
621 4931
2586 2987
2379 4255
4414 2687
177 3677
4810 4071
1426 3351
4851 2191
4001 249
740 2781
3649 1785
4505 1696
561 2365
4412 4485
3168 4017
3205 3611
4087 2627
1321 4145
453 4063
4437 548
2497 1009
4415 1891
4453 819
3853 1357
181 3906
4196 2781
1106 3691
3217 4463
2292 805
4761 3361
2578 4603
4693 1038
2993 2075
1433 174
2369 2849
709 3125
4856 4097
3253 2518
1385 3281
3413 619
4759 84
1433 2065
3931 4430
1013 1492
816 1377
2785 4361
1633 2193
105 1246
1761 1161
665 4116
1014 4879
2867 872
1336 1681
865 2071
1296 3025
1393 4799
2767 2783
2769 2758
1609 4317
1023 735
1481 2266
1131 3328
4521 1448
3853 2164
3955 1111
4038 3867
1481 1197
3905 2561
1575 3076
2973 685
2161 2281
1433 3345
4179 4307
4271 1219
1241 3881
4094 4739
3011 215
2360 3481
1756 4229
2461 995
3517 1307
1601 2545
1 3052
611 2404
1736 3041
3985 3161
4901 1861
3580 341
3369 495
1837 2629
55 2811
3482 2335
2780 4021
913 2637
4666 2111
3017 2749
2601 113
2045 4971
1465 4581
4321 4619
3641 3107
821 2731
87 4618
1925 3351
3501 3501
1491 4303
2479 3307
2009 3535
3309 3205
116 797
1166 4131
1801 1901
3173 4784
2853 520
3046 3467
1242 3139
4012 3045
1081 4369
4075 3676
2691 2220
2344 2145
981 61
1230 1191
3069 3135
3249 3753
4721 4588
3041 4281
1639 1594
36 829
4944 2129
869 1279
1233 2305
2213 3605
57 4337
1260 1141
610 1871
3649 3499
1877 3919
1166 4931
3161 3353
251 2416
546 4767
3733 1413
4351 4003
3402 635
2445 4816
4851 3776
51 4276
4761 3016
1693 4130
3246 3275
4589 338
121 1341
2713 817
1989 695
650 451
3581 2536
2105 3796
2804 4629
4569 435
2705 2016
168 4097
751 1471
4886 4575
3393 577
793 2469
4767 1160
2761 4071
3651 4187
137 49
2997 2669
2751 3676
2577 4289
3645 581
2641 482
4641 4305
3305 1361
4038 3287
3061 1966
1685 1911
4547 2487
2277 4189
4305 4421
791 1991
345 4761
3845 2811
1065 41
4203 4732
1571 4611
3431 2388
3537 65
4905 1041
4271 316
3363 4642
1836 677
264 4817
382 3867
2129 3713
3725 2901
2400 1801
4639 1542
4976 3937
4073 4135
57 273
2482 1099
3572 677
2861 2261
3139 727
190 2531
393 3419
3811 4607
3401 4669
3477 2887
4485 436
3591 891
2681 3746
1090 3031
931 1831
3813 3307
135 731
1469 2148
1779 4444
4307 3859
2591 1227
1478 2135
145 2581
2557 2579
663 3967
4175 226
3582 1183
706 911
2199 175
11 428
1627 2412
3641 1286
2449 3630
593 2827
2769 3665
3096 1905
4543 4258
2441 2541
957 3223
1048 4289
396 3389
3091 4244
801 116
1657 3113
341 4821
3857 2937
3451 776
4170 1511
3481 1811
4877 704
1223 4115
4223 3804
4837 3813
1177 2935
1392 985
3341 1419
750 2251
825 151
794 3635
456 361
4269 1347
3381 4327
4369 1533
2581 2024
4515 106
3532 2509
1953 4753
901 1070
4014 4839
2829 927
4393 2695
3436 1341
1101 2599
1511 3611
2951 2296
371 2296
3623 1490
4737 473
849 3437
1355 3046
3219 4987
3159 1343
3541 356
1607 4632
831 2056
2531 391
202 1495
4430 691
669 3069
3855 3511
4026 2975
2519 784
321 453
857 393
2786 391
3637 3918
1681 381
4126 2011
1152 4825
4129 2373
701 3261
3247 547
4744 4089
1106 899
3385 1981
3301 3228
2419 1299
3001 2751
4231 2947
233 2185
4319 2487
3733 2975
1373 3518
2791 683
1997 3405
3077 4133
4107 1078
3226 3351
3319 462
455 2846
4775 2551
807 2990
2807 1707
1597 2413
626 1251
2499 1558
4641 4666
2201 301
3030 4131
4087 2330
2801 4951
521 781
2291 4771
3233 2115
199 3704
117 3389
1845 871
885 1496
2946 3531
2758 2027
2020 1541
3399 3523
1846 491
3933 4349
4491 2331
517 2797
2194 4123
4701 261
4249 595
3032 465
529 3659
401 4176
1443 488
3229 2152
1041 2081
132 3925
2001 3201
4401 2326
3986 95
1748 1397
3219 2147
3595 3331
2626 1279
1731 447
3293 2773
2279 2827
3001 431
2035 1611
943 3084
3085 471
1943 1388
2731 3402
1069 4187
2917 2660
1673 2839
4425 1201
481 2929
1205 931
4030 311
3345 121
3621 4221
4322 1387
4718 4399
4791 3546
3326 1931
2504 3185
4537 437
769 1037
1491 2006
1505 4636
2381 166
4045 3166
1980 2421
674 1779
1940 4741
1581 4357
2185 3621
579 4052
1685 3006
2420 2821
1339 4815
4409 3529
641 2846
3283 3672
2706 2127
2301 1549
1531 4130
768 3945
1993 3865
1351 1367
3665 3161
4675 2351
4349 2768
601 3201
4955 771
2201 1451
1067 4762
4377 2377
2001 1001
921 1571
3235 1496
1947 4378
2266 3331
4235 2706
489 3810
2219 2268
4186 471
371 3808
2001 4049
4619 20
3453 2802
3777 1503
485 171
64 1289
3849 3983
1505 2021
2241 1881
835 3996
3213 3515
2625 3501
4485 1061
1929 4513
1049 1625
684 3829
4199 508
2013 2990
3430 3991
4558 3079
4611 4931
3971 2830
3221 236
1793 2945
1 4751
211 4367
126 951
179 2648
3475 551
3437 547
1979 3252
2841 4533
3131 3336
246 4855
647 2968
3109 2573
3633 2613
2312 3425
3168 937
2625 4001
1219 2267
977 1353
1029 2962
1499 4627
1977 2042
41 950
4251 4951
105 721
3821 2616
3209 877
2126 2251
3557 2587
2197 799
1101 4429
9 253
3226 4027
4869 3499
3369 2343
94 1139
285 2541
3705 321
2247 4799
2761 1528
4169 2525
4537 1385
2353 4107
4488 3065
1868 3965
4409 2049
2736 4561
4367 1078
4099 38
4921 2641
3553 2037
141 4093
2481 843
2821 331
1961 97
1701 1586
4576 601
3695 3386
424 2497
1649 4305
4571 3927
3447 2654
1371 2475
51 1151
941 2511
4131 1832
3777 3615
181 1411
785 2911
1324 4893
1673 1397
2416 2465
3758 183
4448 2137
3518 3999
4251 751
1192 1433
3326 171
4521 4265
765 2456
297 2154
3926 4051
3891 3244
2833 3837
321 266
1851 426
553 1385
2025 4051
217 395
895 4836
1327 4284
4219 230
4681 4461
1811 223
481 3921
968 3577
869 2903
4833 3357
4239 2514
4071 3152
1158 1247
1071 1375
1286 4371
4321 867
1357 3219
3883 1050
1437 3189
3957 1119
3089 3417
705 1521
2344 4449
321 4071
310 71
4928 3177
2953 2190
1 1251
3080 1481
2353 1659
1140 221
219 959
2521 1783
435 4511
3103 1079
3337 1599
2772 3317
1155 1871
1809 619
4983 2167
1836 3341
177 3493
2841 4867
3901 4551
3270 3511
243 323
3778 2967
236 2581
3341 816
3561 4997
4848 3545
1689 4993
1251 626
4656 1921
3153 3637
1876 901
2693 3213
1850 1351
2639 2840
749 3005
847 715
741 2306
2239 1784
494 4383
4445 3966
3881 2721
1109 3389
507 4574
2121 79
1204 4317
3623 2514
2271 4963
2411 4268
4517 2365
2109 2203
2881 867
2996 2781
97 705
2221 2410
2785 2091
3317 1218
3861 3956
4883 3902
2546 3939
4381 3213
921 2221
2866 3491
3474 2479
2631 2179
401 401
1821 186
3177 3195
2138 4275
1126 675
211 2446
2154 3043
3840 1641
2977 4173
2283 3428
4955 2066
28 3429
2889 2145
3316 2837
1115 2611
2337 2913
4503 3472
2096 4969
3497 1537
446 4411
4328 2377
2691 4591
2884 3205
3645 4631
3276 3045
2793 2233
884 1645
3069 4850
1259 1980
3536 3793
2827 1930
361 315
3297 3088
3661 3141
3589 2679
2618 3255
4531 4379
4549 2164
1819 2690
3631 4771
3391 2746
1973 518
281 1049
1409 405
3601 1111
1801 2201
2551 326
2945 4661
4009 545
1603 1318
3879 1762
4151 4204
3822 1347
3153 1873
1056 881
613 1365
1251 1876
196 2621
2807 2198
1617 4283
697 4715
4724 4549
1724 469
4871 286
2968 4945
832 1065
3849 1953
559 3847
2881 1641
4300 3901
2122 1919
1131 2147
967 4707
1479 3092
3185 471
4738 1883
2480 1841
2021 3661
4673 413
2589 1324
4025 2101
4190 3211
4850 3051
476 2589
2975 3951
2887 974
4785 761
1101 797
501 251
4081 2793
1964 2909
3904 3193
239 2503
4664 1729
1015 4416
2663 4754
2801 3301
169 2477
1470 3191
2751 1751
4929 3845
52 3533
4630 3031
2116 4685
2066 587
943 2350
1769 4062
3961 2284
2069 2147
469 477
2186 3235
3121 1341
3241 849
254 3463
2231 1343
3673 2255
874 1443
221 1421
145 1281
4467 4150
3449 2249
3596 1781
1160 4681
2221 2117
409 529
4455 2631
153 1023
4251 835
4033 2330
955 3486
2289 393
2869 725
3029 3669
4037 4375
691 4536
4582 2419
441 2581
196 181
2749 164
3181 2085
3827 1362
4606 3715
2283 99
3036 3973
4463 3919
4407 144
2878 2687
2297 2105
355 831
1251 3751
793 2549
88 4985
1336 3961
4801 4601
3102 2739
1544 2017
641 2003
1999 2387
4001 481
2711 4011
271 3927
4935 4496
4400 4401
4751 376
4711 431
1093 2589
4943 595
739 963
3461 1971
3641 2577
2301 2466
3719 98
4551 34
1419 2587
3631 443
3977 393
2427 530
2825 2801
1391 3416
494 2655
960 4321
4515 986
4668 4037
1661 3728
2231 4786
4094 4243
1329 1600
3497 927
1225 1851
2839 3695
1746 83
413 4915
3786 1611
3424 3609
2801 2671
1901 4351
4270 111
1637 1615
3483 4347
4257 2832
2348 4157
1500 1501
1358 2983
2969 1717
3233 3503
2996 1061
3596 61
3578 335
1346 771
343 3332
4801 3451
2713 2523
3252 277
4810 331
4989 782
1359 358
3993 2345
727 3344
2489 1824
1681 3881
3193 1873
1841 311
2203 1004
4337 1469
3225 3601
1569 579
1721 545
4976 3841
577 758
1992 953
1696 225
2137 2420
4611 3707
2351 4912
1867 4599
2601 1521
1601 2151
393 2100
4313 2153
3711 1483
2361 336
145 2046
749 4659
4078 3339
3667 3008
1221 1469
411 3338
1365 4871
4665 2291
1055 2991
1947 895
932 2677
277 2579
536 3361
4081 2513
1401 601
3241 3329
3208 3969
3401 4672
3016 2497
621 2541
28 733
2737 1205
4056 977
701 4026
3201 1901
1091 4968
3241 2231
2681 2473
1775 1776
3733 1999
3243 283
465 441
4545 3021
3637 1407
4958 1263
2349 958
2200 1601
2001 185
3845 2831
2149 4583
2005 2141
2541 4446
1701 4211
907 3060
3434 2415
2738 3939
4773 4629
81 387
1939 1099
2141 2655
2399 739
1473 485
4420 221
4937 1997
1802 4999
4646 431
3227 2955
1321 1768
2491 1631
515 2996
2221 1154
385 4616
1941 4029
30 1111
427 3508
4327 3724
2129 1715
2360 1961
2237 210
511 4266
2743 2782
4899 4647
1353 4038
2665 4916
1501 669
2881 1556
4945 4321
191 2914
3501 483
4595 586
3001 3501
3661 2986
2658 3355
2877 2687
2789 4124
3931 4559
3346 3271
1337 712
250 251
2853 1602
3711 184
2949 1055
1041 1081
550 2851
185 641
201 201
1942 3315
2635 11
2351 1526
1531 2927
4337 2633
4937 3837
3881 3781
3925 2101
3135 3371
2158 435
2649 3425
2561 211
657 2065
1581 3341
477 4239
553 585
4542 2599
4561 1545
4207 1687
688 2897
4293 767
3541 3591
437 1757
1952 1409
3208 3425
1881 2061
3981 12
1241 356
1014 1419
240 1721
2449 1778
4925 3476
1049 3495
2165 1581
2572 909
3371 747
1063 1752
1729 2697
3623 430
2069 3324
3445 1056
4361 1911
3619 1134
901 3685
1218 3767
3617 1673
61 2165
2606 4819
3531 1936
3233 1225
3491 4011
3773 1668
1433 3479
2505 1311
4595 611
547 3967
446 2247
3217 1005
3126 3051
1619 2599
283 1238
913 9
1130 971
2665 4691
3241 1311
4551 2932
4089 1425
2729 3459
121 4173
2090 571
3561 2306
4803 3643
589 719
277 4053
4756 3341
3061 4514
3921 3256
3651 248
1935 4046
176 361
4449 3793
4210 2471
2409 287
2753 1343
1385 1661
2385 3271
3577 3725
435 4231
1419 1374
4261 2030
1088 3993
2875 4751
188 4693
225 1701
2116 4341
2185 2161
2501 1876
4529 2737
4449 3673
4657 3709
716 357
82 2383
559 2134
979 3507
2511 3832
3726 339
2352 2505
993 4049
4888 2169
3991 1699
1259 3938
1625 1001
2949 3403
3388 1757
2829 1659
337 2624
1 2565
3639 1355
3615 4911
164 813
3901 4231
2668 2989
1813 4005
1089 2762
2751 551
3200 1401
1055 4236
866 2999
4101 3261
2081 4898
3238 783
2589 1765
3970 1731
4763 3748
684 613
2026 1051
2131 178
2701 4301
4333 1669
2313 4688
2371 1966
1941 1519
2465 291
4329 1865
4849 2783
4387 4468
1725 3451
3049 3784
2329 1140
3680 2641
3758 507
3141 4391
1121 1596
901 108
3901 3428
612 573
2346 4039
451 3146
2900 3701
2708 2877
3299 4043
967 4267
3251 4451
1 2201
1471 4254
3043 2782
4809 774
1706 3499
661 1836
4331 3371
2533 7
3009 1833
1329 1469
81 4741
4621 4507
161 2189
3226 1847
238 559
4281 2081
3997 1922
4767 2648
1255 4631
521 1450
4229 4215
4005 3141
4433 2397
4186 4991
4877 1237
1319 2823
4721 3234
4799 807
1915 2916
4917 2210
71 4554
98 1859
920 4761
1561 1041
4137 3685
2095 2686
3023 1362
4686 3855
641 1693
4305 1856
2976 3521
547 1732
4117 1989
3729 69
1 201
3586 1171
3024 2129
2967 3939
2985 171
3672 1745
4241 1359
3531 3311
113 3897
3218 2527
2988 4013
1913 2673
3265 3196
3401 2444
3693 383
3105 211
542 895
1350 2351
4021 1533
3333 1972
691 3291
4362 3563
2485 2381
4121 236
3813 3443
4293 320
4209 53
1691 3124
4035 1196
4631 103
3931 1286
801 1950
679 222
2671 2886
2667 2684
4256 3025
3922 3427
766 2811
178 4263
4593 425
876 4701
1151 4086
2105 4071
4341 1636
1153 4975
683 2959
2413 685
3047 2762
4201 1196
1383 2282
561 2156
3168 2353
4471 4671
3176 4081
1477 1734
1325 2726
3305 2641
1711 1204
99 2507
2267 2384
4228 1549
253 1788
1685 231
857 3533
521 3956
1757 2660
1541 2623
4479 3559
4529 345
1666 2607
1829 4264
1726 3035
2587 2903
4165 586
2405 1091
1549 493
1781 4356
2837 18
3517 3339
2897 1689
1105 3841
4793 2747
2766 4207
1902 419
1041 4697
296 2369
1734 2587
87 2314
1449 2689
3314 1143
501 101
2969 35
3929 3485
1435 4336
2665 3481
2551 4958
4045 3736
2401 2411
4561 936
801 3601
581 4389
2881 177
3456 4721
1117 144
3977 1755
4488 3777
1989 3538
649 1272
161 647
1661 4591
2425 4801
3734 2635
4513 3307
2169 4037
2477 2237
801 2681
3479 2643
4185 3686
1665 791
4521 2649
4297 3625
4192 4409
3509 1359
1372 125
1926 1351
1494 3903
4190 391
701 4896
51 2915
1991 2611
1065 3711
3915 4936
2308 1133
935 1411
4401 1961
913 4129
1731 1156
4151 1771
2717 4325
3767 1772
2526 2451
2121 4491
4381 4691
4664 1625
1561 161
4301 2547
1921 977
4586 4271
3701 151
4261 837
217 4994
1510 4491
1501 1311
1959 4562
1085 621
3239 263
3321 1773
215 2571
3813 3437
4030 2071
4491 1011
1881 641
1051 2472
1344 4057
3981 3124
913 889
3546 4967
4917 2808
1758 3867
4049 3829
1802 1919
1119 4467
1996 621
567 3342
941 2411
1281 561
3076 3141
394 3775
2196 1181
3670 1831
314 1643
3263 4579
113 1657
2801 4915
4937 4035
2249 1817
3127 515
1699 1315
4783 1210
4007 43
4909 2787
419 3384
2675 3851
4881 3569
123 2832
776 4841
3161 4041
4836 1509
3951 3007
114 3523
3606 3071
3213 3419
3264 3833
2575 2151
1247 3759
3705 4081
2428 2837
2567 2015
150 3451
3601 3735
4543 919
2119 3263
2005 1061
1647 415
3663 2739
4377 585
466 3187
2521 4881
883 4175
673 2210
1256 2825
1836 4709
624 4905
2819 4579
3554 775
1001 769
4986 4523
906 3067
430 2531
1881 2397
352 3425
2677 2135
2679 4562
4633 4757
3057 123
3081 4233
913 633
1664 4489
4129 2128
3791 2654
1021 2392
3601 1575
433 2789
51 651
4518 1487
739 1568
4257 2094
1995 11
3299 1759
3254 847
3465 4731
3748 1333
856 2681
4076 4301
1641 1245
1879 2502
3577 2409
1305 161
4057 2865
4125 3251
1 3701
2959 1364
521 1741
2914 1015
177 4397
2593 2405
2153 4409
4643 4414
4110 4811
495 166
4231 1772
2556 653
2249 2765
1606 3835
1325 701
4948 1605
4761 2796
961 2261
2381 3637
1033 4289
1192 4009
3339 4035
713 249
1463 2495
282 3839
1087 3382
4691 2202
4201 4601
3401 101
4342 2999
247 2740
630 4711
4659 3432
532 389
4348 269
2019 3168
1281 873
581 2766
2957 999
3609 3337
2601 2131
1129 2025
3846 2931
4681 3857
3113 2504
4951 1076
2649 309
4285 2191
1707 4988
4716 1877
2481 4849
3471 1319
3953 450
3351 2180
2747 4387
4897 3203
2611 3606
4185 991
2997 1959
2841 4666
2239 4039
4797 2565
3196 2941
3665 1941
4261 48
4989 4242
3530 4131
153 99
1200 3401
3841 4139
1831 2114
1140 2541
11 771
4749 2220
761 2831
4517 3749
361 723
373 4477
2956 3461
531 931
153 1990
1644 1237
3526 4307
1554 2903
167 3184
4295 1096
4561 3587
2686 4591
1137 2755
4436 4469
1381 2670
3805 4591
4576 4489
191 3023
3009 4073
4165 1621
2356 1205
4986 4819
4055 3696
2054 4027
1381 1671
2909 1182
2066 1027
2185 886
2601 4041
1269 2995
3161 3627
4541 1231
3778 2007
1352 1657
2709 4615
2699 1195
485 671
4489 2737
2134 299
4666 983
3609 752
1212 757
1121 2937
4169 113
2061 2746
3731 1931
4173 39
4641 2410
3959 2115
4523 674
45 2611
4097 2359
4541 3428
933 1125
4769 3995
783 4755
3453 4557
2251 4503
3016 561
2577 4929
3513 4183
3995 3771
4931 1482
2765 371
3313 4147
2586 2931
1957 4797
2561 2441
101 455
4805 2981
2945 2591
4147 4030
3109 2053
1453 4104
549 3549
1721 3841
1383 427
4545 1341
2671 131
3594 2355
1321 569
4440 4881
3967 4054
4387 2224
1123 1659
2541 84
4905 4431
3031 2016
4425 2401
1865 4441
1995 2856
3926 4631
3051 2551
4489 913
3289 1313
479 4640
1963 4595
2977 1598
3469 3974
817 2289
3185 1921
4161 3323
104 1345
3851 4571
3803 4228
2656 4521
2688 697
4097 2627
3335 36
2079 1082
2826 4131
3188 1077
4807 4579
1963 1928
293 3810
3855 4316
3977 3978
4337 2349
3326 1411
3033 4925
4551 3776
1956 429
2953 4027
3651 1363
4523 1415
3016 241
897 1529
1592 3009
4129 1484
3021 1883
3581 4325
1455 1191
3469 2540
4696 713
3936 529
2890 2891
1914 819
2209 1509
1141 1949
1851 2551
2573 3742
4205 1381
621 2946
3011 166
1521 648
4105 2841
4433 3867
2795 496
1209 2705
2795 1211
2901 3021
857 569
3407 1235
3431 86
1386 791
2953 1578
3889 2229
2093 3373
605 3311
4249 4467
3835 1411
1306 1755
4641 2103
30 571
1721 4421
4001 21
4721 3841
2376 3657
2544 97
3953 3228
3091 1366
1487 1228
3001 11
407 1804
4539 4079
2411 4839
801 2041
4539 4008
2781 3344
4791 371
3761 3271
3337 1873
491 1916
4891 2603
2621 3471
525 1526
2801 51
4809 833
1755 896
971 3986
2419 962
611 2771
2857 713
3421 2106
4281 1861
4051 2551
4366 2811
1313 2972
854 3059
1469 4893
361 271
2015 1046
3441 2641
2387 1159
4406 1143
3265 3961
1394 1187
2221 471
2991 4371
2916 4541
285 3111
1209 3197
3383 1662
2111 774
4887 2063
4985 4386
1633 119
863 535
2923 2539
2119 2047
4153 2733
4094 3659
1673 305
2137 522
1212 1509
1120 4721
963 3559
157 3612
1976 4641
2241 3425
4521 3387
3032 4417
3236 2981
3065 3561
4234 2383
3087 1395
1388 4717
117 1787
1243 1104
2152 2665
1171 1971
2226 651
399 1572
3041 4420
3076 1901
4769 4457
305 3661
1601 26
2625 126
2773 835
869 1272
1105 2461
2463 3299
746 3491
3139 2175
2029 509
55 3246
1681 861
2881 4145
3785 561
1804 613
4677 4355
3701 3556
160 4121
1901 3853
3985 2071
1931 2035
4396 1949
29 349
3673 3769
3929 2865
3111 1106
2521 505
4706 1475
3456 1697
4433 1857
1795 1416
4312 4545
3141 2821
4521 1379
111 2216
1377 1164
4852 1565
1761 3397
1441 1113
3569 589
2877 1509
3953 215
4989 4594
4093 4628
4857 849
2609 437
2161 1441
4701 4071
3583 1155
387 775
1451 139
4897 3100
4256 3961
317 4439
593 4489
87 958
3252 285
3361 271
2687 4115
3496 2481
3290 2511
3887 4334
1749 1957
4369 4953
1609 1143
2337 2177
1175 2551
859 1784
3831 706
807 18
1487 4630
4704 2929
866 1095
1105 721
3109 3143
441 585
524 1725
2816 1721
1401 3625
2671 3079
1401 4665
3641 3359
811 1630
3119 404
3407 1723
2033 3189
3383 448
4179 2760
3939 4683
6 91
2257 1113
2612 1645
4881 1671
4361 2445
1076 1901
2514 2683
4473 2867
4777 729
1699 2038
4701 4320
4909 1543
2071 3906
851 319
925 1476
3025 3401
840 2921
2521 841
2087 2132
1870 1591
4353 2827
3771 2238
2177 3373
901 2843
4361 2412
936 1481
171 986
4841 1821
1449 492
3519 1115
4667 3674
1913 2695
4409 4363
3361 2885
4843 4820
2964 29
1199 4568
3565 2511
625 1
1669 8
2077 1237
1479 3035
3791 4879
2161 382
3329 1425
94 2915
3785 1821
3011 3067
3785 2571
4867 612
3093 837
4719 447
731 3744
2641 3461
3861 1719
3012 3733
2841 4436
2001 41
1641 3461
4882 2095
4397 2589
4127 3732
771 1963
1409 1909
1273 1013
1908 2045
129 4129
3296 1281
1023 2519
2143 718
2793 549
417 1268
4377 3787
4769 3682
741 943
3343 523
4697 2577
329 4477
1431 1466
2232 1689
3365 2871
837 155
1276 2941
3052 4029
4765 1071
1221 1979
4722 1383
2019 1343
4547 1394
2521 1177
4551 3776
3229 3123
2321 532
2539 2575
4917 4835
738 2307
3729 3478
442 3095
631 4075
2201 2825
585 586
1189 915
2916 4581
2577 3194
326 2931
565 4381
705 2691
1821 3211
1118 4007
3681 3621
4201 825
3201 3041
2788 1613
671 2815
2189 2214
3841 1984
4202 2495
579 4687
4737 3169
4081 2213
2977 1713
201 3041
2141 4923
3682 147
789 4735
3661 4746
1133 1134
4316 1061
3956 2965
2201 2825
329 1715
4760 3521
1061 1831
1468 4869
4025 2576
1642 2915
4601 4203
1057 4312
271 3131
2221 2200
1923 2692
1561 4636
1805 2221
3661 1356
762 1003
4061 3966
1892 3653
2555 1871
3273 3553
4311 4666
1757 552
1974 2247
4376 3153
4803 348
1625 2001
1241 4461
2093 1279
4457 3937
1070 4611
2987 1234
4576 3729
4663 2642
2035 1631
2400 1401
4831 3311
216 1449
839 1679
1720 521
76 2965
4001 41
977 805
3716 3445
4811 1496
3541 2280
3104 889
4271 1879
4801 3409
4935 1231
3031 2923
4798 4799
513 4625
3886 3731
3489 1869
53 3128
416 3737
4386 3247
2190 4171
608 3849
1656 4521
2736 3593
2311 1771
2625 3251
836 2621
2976 2969
3506 2831
2789 2717
2708 3117
2167 2844
3297 2930
3113 4905
49 2549
452 4069
4726 1027
3209 4705
3471 4008
1175 4951
3178 1739
785 241
2541 2871
4290 1631
4289 873
747 4363
4125 3501
4925 4551
4779 4752
4433 3197
885 4871
2751 2772
1787 723
1151 2551
2041 1641
3053 4598
1583 1815
4981 4811
2624 2625
4801 2041
706 1355
3651 3256
3780 1821
2021 421
2290 3011
4773 700
4807 3228
3969 4893
3844 2605
57 1255
371 4116
469 3912
4735 231
1257 169
4122 2099
453 437
4945 1921
1701 2011
654 4579
2997 3947
2090 1431
969 1823
4257 3192
3266 4715
2585 681
57 1369
1666 4971
4585 2156
4458 855
1819 503
1481 2393
858 2487
1326 4891
1127 367
4384 2497
2651 2786
2403 3330
3681 3621
918 2835
4471 4950
4791 1866
3374 1587
4331 4966
4601 2021
3235 4111
4157 4100
1061 1221
1317 2168
2101 556
925 3301
4517 3239
1599 2387
2823 408
1373 413
1629 2967
641 2436
2841 913
931 3999
4749 3244
3401 4417
2511 507
3458 2619
1416 4561
1156 2021
4793 3345
4373 1207
3191 2843
2949 2828
3331 3283
11 56
3696 2617
2873 4477
3389 3557
301 4566
3641 1513
4501 3045
451 2178
3663 2327
2479 4623
3425 3851
4201 4433
4485 4466
4846 4611
4051 1531
286 2299
616 2793
1929 433
4809 3473
4235 4346
141 4090
3647 4528
1131 2027
1317 805
2387 354
205 2996
4985 4161
1111 2771
2161 1441
1118 3727
4569 175
1755 2486
2651 4531
3721 4885
1141 4064
925 4951
253 3603
3644 2373
3503 4522
3301 3546
3397 1454
4898 2655
2971 1015
4571 2856
4285 4271
4842 679
2886 2923
1227 492
2117 3149
4881 1312
3626 3171
3861 3167
289 4249
1324 2805
1313 598
4155 4931
546 1927
3963 668
2742 4195
299 2642
4609 1399
3598 4579
1561 2441
2611 3606
401 4011
4370 1531
2101 2869
4417 4685
4251 2531
4524 725
2039 4859
1811 3032
3629 4517
3761 1636
3619 2332
1429 2877
4408 3753
11 639
921 1577
863 2768
3781 3431
295 1211
4551 2551
3271 3272
650 351
2851 2723
3639 4702
1345 3041
3947 3683
3603 3312
2387 3899
4473 785
1045 4261
4401 26
2689 2097
281 3373
408 2857
1309 709
1415 1886
3421 1053
3705 2481
4049 1197
4505 3021
3281 1241
1747 2110
4553 3660
2449 4593
3401 2818
2134 4939
1841 3871
777 4325
4241 4461
4601 3617
4873 1953
1213 1420
2159 2955
4625 4501
881 1694
1121 2083
4893 293
1891 3911
4192 4649
3 22
921 4473
4761 4705
2073 3169
233 1632
3241 2411
2429 3880
309 928
4127 478
1825 4101
3547 3462
201 3041
2315 4271
2009 1073
2499 2438
2321 1236
2381 2621
4986 4875
1824 4913
3401 1269
3773 154
1279 3835
1769 2223
3841 4369
4818 1543
1791 4850
778 779
1365 1381
3173 4229
1551 2020
2021 2429
3041 2165
4353 2475
3261 3916
3201 51
1 51
3761 221
4086 3011
3211 4083
4963 3003
54 1675
1815 3116
203 482
1297 4663
3685 16
3261 3485
2562 663
2625 2001
3947 259
3923 4382
4569 2417
1689 1757
193 598
386 2371
2521 841
3171 2566
952 4745
1703 110
3569 2054
1126 3151
4988 4389
2177 1913
4169 3465
3865 2761
2961 1455
2541 2461
141 706
2821 4106
4882 3039
2265 2181
1521 631
2986 2147
3273 3274
2169 3155
667 4670
641 4871
2422 1175
2496 2441
2344 2673
3491 4371
4012 2757
3576 4401
2829 1975
2385 3161
4480 2241
2681 3983
3449 43
3633 1183
1878 683
1281 4299
4697 2577
985 3791
424 17
3369 3905
4441 1461
2928 1625
2671 4919
518 879
3003 3199
1636 1453
4497 384
2081 699
661 3594
4723 3630
4865 2846
1006 391
2121 4848
3504 1697
176 881
4986 4231
4393 1153
2367 3644
4695 546
2177 4329
3720 2881
3009 1199
821 4927
2287 2759
81 4861
2845 2071
944 1713
2005 4261
130 131
63 2647
1894 535
2090 1271
2029 3045
3000 4001
3736 3289
2661 3221
2225 601
241 3677
3765 2531
4449 1900
541 2871
1251 2551
1157 827
3262 4359
766 3343
2513 833
1241 2087
3947 1047
2373 3477
937 2489
4771 1986
4081 3241
3097 1717
4691 675
3514 1243
737 117
4213 1853
1873 4302
3601 465
1399 4380
2601 2829
749 204
2741 4461
3726 3151
4186 3487
1797 4693
3209 377
2606 3243
3676 1901
1882 703
4166 811
2481 2254
1174 4875
4897 4233
4831 2804
2721 4656
1274 4303
1989 693
3209 3287
4471 4080
741 2411
673 4134
3998 2967
2625 876
747 339
3626 4431
1333 2989
2196 781
3751 2519
2405 1581
4385 3181
239 4322
1889 897
4371 1227
4365 2381
2481 3861
2935 336
226 651
1868 4117
1846 539
171 1027
632 3553
3865 4571
4426 4427
1193 1194
2241 4821
452 4493
2748 3125
309 2979
2009 2415
3356 341
7 379
4280 1081
3891 3911
1629 4709
4671 3027
3571 4267
3721 4537
3361 997
2451 4316
2151 2551
2409 1318
2753 1579
3761 221
3326 4847
546 491
2999 964
54 55
1050 3551
2871 4099
4768 3993
4641 4616
4833 4657
145 3121
2961 4806
2280 4521
4941 2346
3443 1887
3705 3346
3739 3520
2239 234
3060 3661
4913 4305
79 159
2325 1826
1826 479
3891 2371
3151 2967
301 51
3465 4831
1417 669
841 369
1681 3664
3383 1044
2681 793
3407 130
3365 3061
3561 3661
4856 4961
101 51
4285 2111
1101 1061
3002 1095
3371 1743
2893 1005
4331 3311
4537 4445
4993 4609
579 3215
3327 1484
955 391
761 1529
3381 3811
2492 2493
1709 2853
2436 4749
1325 1976
1889 230
1668 5
2776 2681
939 3219
2868 3757
1665 4891
2926 2411
711 2111
795 3496
1655 3066
1681 2241
1553 1969
971 4711
2225 3351
2531 3772
4185 221
2417 3009
3075 1051
1075 1976
2741 4821
785 1981
2051 4347
3349 565
33 1090
829 4094
1537 2297
751 3776
3131 4171
193 423
426 651
2545 721
2757 3412
2110 731
1249 4969
3336 1681
2577 4005
4761 3529
2087 1262
3277 2837
352 2249
2405 3861
85 611
4646 4823
3281 2497
712 2105
429 1170
985 3041
3041 2985
3706 63
2385 1781
1601 2809
423 4654
426 4171
4373 3699
3376 641
91 1639
905 4391
3976 3681
3879 4467
960 561
4268 2805
467 412
1055 4036
151 890
3964 93
3605 941
1017 3052
3890 3391
1041 4764
2755 2756
637 3125
3009 2397
1591 1371
4889 1227
4237 2695
3243 4319
2313 4529
2769 65
2589 1150
2315 3531
3137 2933
4241 4641
1997 917
2595 3866
2555 856
1885 1311
1517 4892
2435 616
4819 3304
3421 1578
658 139
4105 2721
3011 3507
4873 4413
3551 2551
561 2441
2045 3846
4911 106
4155 3171
3611 3054
1733 3467
249 3447
2141 4871
1471 616
1 51
2449 4593
2597 4732
4253 1555
2969 1730
1043 2119
93 4093
2505 241
2793 3753
1785 4261
2145 2161
1301 4031
2101 51
3636 4541
4489 3649
3333 4997
1685 1046
2844 1973
3433 3589
4274 4263
945 121
833 1649
4714 3127
2326 3151
695 1971
1061 1075
2841 3871
2855 2086
4355 3231
3071 4616
2799 599
3123 600
1741 4821
3955 2156
4673 4442
4437 2119
2161 636
2434 2303
3711 4771
1417 2835
2677 2789
2735 4016
201 51
2973 2165
2497 4833
2275 76
897 4469
212 4877
1809 2035
3041 821
3501 4045
2435 1491
1434 2907
1152 1449
2801 1046
4209 1808
4145 281
1501 2516
809 2653
697 1395
820 2381
2515 991
1933 130
3961 3505
3240 1161
1421 685
2554 4283
2949 12
146 111
3362 1463
2276 4661
2803 3864
3185 3221
2167 3838
1094 4539
3076 1901
2601 51
1207 1727
1726 535
3701 2526
4819 3598
62 63
1269 837
3411 1716
3410 2091
991 4686
1389 563
221 3261
2883 864
861 271
2451 4316
2007 1442
1049 1647
2593 1500
3246 3531
4521 3866
2807 615
2561 3173
3989 1803
1947 2927
1885 4331
2155 4396
469 3443
3977 437
4178 959
3626 651
951 2551
3101 2021
3790 1511
1401 3457
262 263
617 1852
2705 4021
2513 313
4106 103
3215 731
3151 910
2833 319
2633 1385
1629 1677
4769 3153
3201 3649
161 2246
1461 4221
3157 4165
4786 3231
2977 1713
4775 2351
4990 4371
3617 2447
1991 2695
3017 2239
3089 3404
4649 2365
3833 313
3477 173
555 2746
2889 784
781 4671
559 1243
1931 3966
3539 100
2849 2337
3561 1221
3926 3079
2793 3517
777 4189
3353 4357
915 3791
2697 3397
1229 3909
4027 3055
1141 4871
3941 1166
636 69
1450 3051
2175 2851
3703 527
2646 2283
3996 4861
2136 2385
1596 2557
3311 350
786 3931
3235 2636
2069 1208
4270 2991
2641 1872
1465 766
4793 65
2879 2588
3138 2695
4177 1833
2435 4316
800 201
4307 4360
249 3945
1161 1255
1595 2206
1293 4479
3229 4573
4155 2396
2349 1612
4345 4281
4405 1671
414 3727
2765 2191
1995 936
4826 2391
697 3820
769 2293
2644 1573
2159 4658
3211 4496
1789 2157
2948 4077
2009 3037
1820 981
4101 51
4331 2854
3051 2551
974 1883
4489 1385
3937 985
1739 2819
4345 3321
3265 3866
4495 2831
348 1925
3281 2497
4185 4581
3129 1419
2071 4971
2525 701
4062 2807
2207 2832
2881 1097
1336 1153
896 321
1701 4021
101 4445
4002 1139
3513 1729
3020 61
2781 2811
2714 419
2925 26
3233 1049
4501 2546
3031 4404
2567 1207
4013 2495
3183 1844
4782 2603
2639 3063
2026 3327
2318 403
831 2494
2869 3119
1624 817
4101 4152
1142 4847
201 4021
3003 1022
4381 1335
513 4242
81 2593
505 2121
2380 3061
3986 4091
1645 541
4208 1289
4558 3067
2361 3611
195 2606
2501 11
1395 2431
1046 1047
844 2533
1025 3201
4173 904
3981 3861
1929 3812
296 4241
2123 2183
4035 2366
196 1765
3425 1651
3078 795
3769 4378
1217 1643
3701 2061
1551 3571
3169 705
2544 9
4876 1901
1093 4325
3629 4839
3057 1167
4223 2367
1461 3831
4809 3855
3844 1045
2226 2979
2871 1034
2906 3591
362 499
3723 4982
3167 2679
3881 2168
3509 2122
1527 4852
319 847
751 3776
2511 331
3539 1852
446 2935
3690 1071
829 1399
3261 1963
3255 4731
4461 3349
3001 4049
1139 4364
1376 1921
4921 1841
3051 2715
1273 645
1881 241
4505 2331
2701 3845
4721 1095
745 446
2561 2929
597 224
2788 3365
905 3961
3755 3956
2071 4616
1863 398
2901 853
1366 1831
4451 2551
1901 4061
4401 2031
4383 874
2999 3983
901 51
1488 2673
911 3771
421 261
4793 1514
2101 51
602 335
4513 3573
2901 3447
4721 2145
4351 531
517 1538
1339 1595
1408 1177
2526 4295
2942 2695
3568 2649
721 4421
1873 604
1697 1093
4607 1355
535 1566
4490 411
4660 141
2002 2003
3528 2593
1033 2232
1458 4375
4261 661
2099 3090
4941 2582
3519 2039
4902 1963
1246 3723
263 2368
1789 4864
1969 265
2243 4394
1693 1773
4733 3520
279 3114
1031 1807
4045 3711
1533 189
4829 3202
2777 3290
4921 3737
121 4841
4033 684
2255 3336
461 356
921 1841
1528 145
1667 15
1471 2971
3869 3093
2769 3609
1221 1631
453 3557
4015 1136
2861 3746
503 4588
2649 597
4428 3285
2377 4017
1841 461
717 1549
4260 2781
2111 556
3093 1767
4677 2714
3684 2357
3325 4576
1751 2551
2157 3629
1636 717
1541 2461
4681 216
165 2806
3301 3061
2690 4911
3473 1407
3131 1407
2305 3691
570 131
1889 1559
1890 1891
1117 3085
1220 3661
2521 1009
793 4275
2483 1702
1901 2447
1548 1813
4036 541
1923 1539
3879 1620
4235 1231
3711 1996
781 621
2015 2391
2926 3891
2101 2021
1831 3311
157 182
3801 459
2284 3645
1561 1221
47 1223
2761 221
3397 765
1571 3687
3165 3621
2401 2229
2969 637
3497 3869
2700 2301
2164 2165
4771 3131
3881 1049
3225 1401
258 2323
4373 1754
3169 2395
4445 6
1721 1377
4016 3753
817 2877
901 1853
3396 1781
2877 2263
4436 2029
2775 3851
3746 1175
1133 4188
701 4021
2987 715
1689 4585
741 4461
4027 2892
1819 10
4343 3320
957 1485
3249 2704
3655 3716
3571 711
1491 4114
2651 2551
73 1607
42 2899
751 4567
4313 4009
13 599
1005 3291
4753 3392
1822 3687
2562 1035
433 3857
1317 2972
3951 3531
241 123
3001 21
2596 4517
705 1921
3841 892
4499 963
1897 1057
3485 4856
471 2066
906 335
2615 291
817 655
2500 2501
2381 2621
501 51
2761 441
1857 4425
1320 2321
2547 4052
78 227
3391 2596
4139 2480
3021 114
2270 1291
2833 985
443 63
29 813
1453 2950
2167 2347
1101 2021
1151 2947
2585 781
521 2093
271 2711
4551 816
2281 1241
501 2526
2185 2361
3017 1885
586 2619
2991 2587
541 821
190 571
1961 1090
3431 3120
1381 1764
3151 571
337 2360
1153 1509
1783 3840
246 1723
2729 4199
742 4647
27 28
61 1221
433 197
55 991
3741 756
1261 661
3417 1353
729 3955
3151 1796
241 2411
1535 566
1457 765
946 2571
3966 1927
2143 10
331 3311
307 220
1925 101
517 2232
3217 540
2241 1713
373 4477
115 691
187 798
1211 1606
353 533
71 995
2016 2497
1783 2679
1675 451
2341 346
449 1287
3641 1666
449 3737
671 4958
385 4641
1711 1996
2809 1687
449 4369
337 3089
3851 1806
939 3147
714 1423
1243 2123
1613 3877
1888 4857
697 214
1701 51
218 1527
9 19
70 211
668 4373
197 517
1036 1485
2761 441
799 1780
1108 429
144 1585
391 2347
1519 255
901 1219
1489 1473
169 4057
1905 4771
225 901
2215 4611
1644 965
3481 1899
892 4437
2497 4857
15 31
2458 863
1882 2107
562 1183
631 3252
813 2155
3829 2083
36 253
1639 3839
1541 3936
1611 2771
2925 776
701 2526
2366 131
217 869
1312 529
1038 3319
101 51
1160 2041
345 2761
841 3871
131 3516
651 1276
1521 841
2926 191
70 4831
1201 2649
2857 708
639 3532
1408 4337
1531 931
2047 1915
281 4671
1129 2097
838 979
3121 4809
865 1711
631 4466
1249 4953
3382 3359
40 41
85 341
1335 706
209 2718
970 1491
2386 2371
3451 2551
2704 2905
11 56
2281 1241
505 4141
514 4767
2549 4902
3121 2866
463 3242
1013 2287
2233 389
73 220
1613 3877
419 4219
551 2551
1106 3803
859 1695
1457 797
403 2002
1933 4125
541 1231
993 784
2905 2821
2517 1157
323 4523
2049 1137
265 3181
2269 1685
1737 3848
2279 2694
3901 4061
1601 26
266 4099
3037 3629
2110 3071
755 4816
1801 1046
1036 3829
1027 3540
133 1464
661 4543
826 2391
1261 1482
245 4946
321 273
3081 2537
1171 447
703 3279
55 1486
963 39
259 1555
19 20
621 1211
641 641
1489 2319
425 3401
1121 2421
2109 3413
732 1477
323 4859
197 4654
521 1774
760 81
3361 271
71 72
685 3221
571 1699
61 123
647 4587
1891 96
586 3791
641 2821
3136 3753
4486 1591
1939 524
69 139
561 3977
2785 1531
1276 77
321 2569
28 29
736 1065
109 3925
599 575
259 1138
841 461
3106 4771
2205 3791
3713 2633
352 4577
573 2450
1121 2937
1101 2021
361 1661
176 4401
4481 3671
481 3089
316 4909
355 946
1261 1746
1849 2659
331 2283
1585 2306
187 1595
1939 3683
2092 1693
813 1383
137 2330
1376 681
361 1661
94 2915
3697 4003
1093 2628
709 3509
2625 3001
676 3253
1205 1816
246 1723
2863 4603
225 1801
1312 4785
776 4401
481 3089
1051 766
631 4754
15 31
885 91
161 1289
121 1211
91 547
193 3089
726 3151
489 4830
741 4821
187 1123
736 457
245 4946
4291 3207
78 859
1121 2937
1335 3716
2281 1241
1889 1452
1057 737
595 4636
3287 4212
738 4447
1799 4343
2731 2516
981 2469
1683 3808
301 4031
2746 2507
2146 4491
2031 3900
1537 3777
18 307
3128 785
2413 1672
2351 498
904 3985
2868 4797
751 1266
1176 273
2066 2311
331 1987
400 3401
1084 1789
91 820
1901 2239
3991 4371
760 81
85 1191
897 2409
872 1337
681 1578
919 1543
1587 1263
28 29
701 4071
547 2659
4356 3141
2256 4081
3641 4871
1633 523
2892 629
1401 4036
2551 2551
2017 1817
3661 4661
3181 861
691 731
742 3939
2667 355
38 39
2633 3752
681 3621
301 51
2689 585
1651 3967
3753 1452
921 3421
821 3662
248 4713
757 1197
673 769
1625 2126
145 1741
457 485
319 1915
235 1411
1126 3151
1373 2278
409 3273
813 3578
1126 3151
408 97
343 2059
460 3461
1861 1661
3351 4518
496 457
2509 3014
800 2601
1135 2671
1892 3653
137 2330
226 2035
4285 4956
2381 955
1291 3731
97 2329
2641 641
2413 1672
239 1674
71 498
553 439
1948 4285
647 4587
470 3291
2653 2957
3585 761
161 1289
34 375
946 3111
463 1483
425 3401
23 47
706 591
127 1779
1275 3151
17 273
3305 81
1141 4231
1261 661
1153 2673
27 55
987 3559
2146 819
393 2752
540 1461
6 7
3970 111
127 335
3411 2606
1345 321
638 3295
190 1711
4421 629
206 1031
988 1437
1751 1286
755 1896
157 629
2321 2841
807 492
241 785
2147 4440
1128 945
43 130
1185 2921
846 4991
715 1466
4159 2018
361 2221
123 247
1025 2801
3025 576
32 33
1783 2679
1961 1090
1161 3670
421 3421
2502 2623
391 167
211 4432
2401 4061
15 31
551 511
1405 1531
571 1699
559 63
13 14
247 128
157 943
417 422
2185 1771
233 3515
784 2737
1156 4277
337 4045
833 3313
1261 1746
3600 2401
391 2347
801 51
2311 886
1765 1486
419 4219
1977 127
869 3879
553 3158
925 901
932 669
628 725
1961 3441
622 599
1351 2955
2377 4589
3039 3912
39 742
936 913
40 121
100 3301
3287 3795
269 3024
1651 806
1889 449
514 4627
595 711
911 1844
103 3503
579 4844
53 2757
125 501
1431 2207
46 691
573 2607
1621 2261
1207 1727
3631 4706
301 1506
2727 3167
507 1155
2241 1871
1591 2731
1301 51
145 871
3225 4951
54 55
1081 4188
2031 2171
361 1246
652 213
505 4091
69 277
613 2069
211 3863
409 4909
919 4627
73 658
1483 1355
256 3057
3017 1885
1345 1081
400 2801
121 2421
991 2839
664 1289
139 3198
1486 1731
1639 3839
622 1795
2136 297
3103 4799
487 3150
2729 4199
1201 4021
421 4211
1093 2628
1741 2231
981 4336
321 1421
3011 771
1201 4021
139 4592
1681 4137
2796 229
1326 3151
2151 2494
673 2689
2689 2939
3511 4595
2143 4294
401 26
921 3421
3010 2591
3217 4417
142 427
417 1685
1282 1923
3133 4183
477 1679
1810 3871
2721 29
631 3396
289 2313
1816 4929
337 3089
518 699
1909 1178
3225 4951
4417 4774
2245 2661
2311 2063
191 2259
361 2167
925 351
2753 1193
163 2935
783 3312
379 234
257 1449
1189 4207
2015 1796
25 76
3081 4456
175 526
3081 4456
1765 3541
1648 529
117 3394
1273 553
316 4221
1925 1226
2377 1883
973 2515
1333 4322
56 3081
3287 3795
3901 4061
226 2035
4624 4057
431 3534
2641 256
1123 2274
289 405
92 645
1393 398
1807 895
1189 1403
232 2657
868 4757
309 3597
35 36
1702 2227
1485 1581
2237 1192
2215 816
1945 21
211 634
1457 765
1846 687
2536 4841
165 661
1185 3846
1513 1313
355 2131
1633 3385
3844 4485
916 3741
57 457
1665 3281
3235 3511
1444 1317
1117 107
1117 107
1706 3831
307 2764
737 1793
705 2561
443 63
771 2406
341 3411
2081 1593
783 3010
859 1695
1485 1581
13 53
1693 4572
829 4068
2951 4110
771 2406
913 1913
1026 2067
253 627
2962 1607
540 941
3713 355
1335 2431
61 184
225 2601
379 3878
443 760
3539 880
79 3082
24 25
3173 4997
1129 2097
991 1803
2143 7
141 4936
601 1011
989 2583
1737 2695
1576 4401
341 798
379 234
989 3792
761 221
1101 556
1795 2571
2380 181
352 4577
209 3345
365 3981
208 625
2245 4496
295 4131
2177 4019
1427 4238
34 103
801 2817
381 2621
2221 3261
1119 3118
1594 3039
1716 61
181 2716
1426 1283
801 26
261 1045
651 2551
81 325
430 4731
1783 3840
3244 2469
173 693
336 2513
2080 3641
2380 2821
2704 3313
1259 2807
2899 32
1364 4109
400 2601
133 799
676 141
155 3411
529 4915
171 2908
2377 3359
989 1429
1401 4229
981 4336
2707 3663
43 904
153 815
111 2443
631 2086
1939 3890
2237 1192
547 2112
801 633
1856 3369
1771 4490
1291 514
589 3862
1881 241
2761 510
961 2661
257 3225
55 991
409 3273
94 283
123 2504
2929 3670
1551 1163
541 411
953 3369
343 3088
1451 1276
1849 1018
586 1371
3619 427
3721 3261
3136 2481
833 1657
95 4466
2107 3779
1171 2696
606 1667
1081 3375
2147 4527
1233 4253
291 3440
68 4557
1335 2431
685 3221
1103 3975
661 4661
3128 4553
2757 1122
4027 648
129 259
1261 4444
111 1106
859 3502
1625 4251
45 991
181 544
1873 2397
1156 461
3112 3713
261 2611
196 2941
4155 3386
2113 233
1008 4153
2461 2661
73 877
391 167
559 4659
262 2599
805 3936
869 4333
266 1331
70 71
961 753
261 1306
4421 2366
703 4140
2971 3406
3009 2577
113 905
2101 1061
64 449
40 521
1541 3936
1101 2021
495 3811
190 571
1601 51
2031 2799
51 256
1220 3061
386 4247
3241 15
1621 3631
40 121
1891 1186
193 1159
60 3541
118 1535
191 3630
1081 945
361 3611
2689 2939
178 503
286 1303
2633 2449
7 22
171 2908
91 4096
1651 1276
2177 4019
841 4436
32 33
115 691
1828 3013
2347 1944
611 2272
49 785
697 1729
1171 670
478 4303
1288 2505
1816 4881
1345 1491
1197 2245
1274 4207
17 69
1729 2245
638 1263
2731 1510
2015 1796
481 3861
3600 4601
541 2461
289 1735
341 798
3069 4589
211 2111
3081 2537
2301 51
188 2069
1676 1901
533 128
336 2513
1395 2431
1555 2536
4021 1261
1588 4573
109 328
2125 1501
1912 3689
1441 1877
2022 1947
820 1661
496 2441
2255 3731
769 3457
298 3279
1276 77
50 351
2761 441
57 115
151 454
981 3735
414 4427
2449 1533
191 2259
463 187
561 3977
3686 1963
155 2171
1076 1269
1240 3161
1378 2207
379 919
1103 1988
2177 3037
41 42
2437 2355
155 3411
3129 3935
1684 573
409 1954
166 1827
533 128
785 991
181 1517
3187 2099
589 2370
365 221
1026 651
2500 2501
3485 3496
166 1827
1473 2759
3845 3391
1089 2027
59 1712
3361 271
841 461
1441 3231
1174 4875
3433 1579
1261 661
1378 279
2863 4603
343 4552
1777 750
17 69
1626 691
871 519
3589 1629
1457 765
1081 4188
1156 3581
1981 3861
1953 2497
1051 1276
716 2877
533 4925
2536 4841
1171 131
976 4401
41 165
2748 2669
305 4881
1301 3827
290 4931
216 1081
1153 345
52 53
2201 1845
639 4059
49 99
1933 1187
85 596
589 3862
3820 2741
109 3925
1981 1317
556 573
2221 2178
309 3597
64 449
521 841
2129 903
43 302
1117 4255
297 990
1559 4243
2017 2072
595 4636
2297 4178
146 4235
3537 517
1621 3357
361 2889
1281 621
370 3331
131 1704
137 549
3101 2263
1555 311
351 2286
3478 3247
3711 4771
1024 1745
829 4949
2243 2338
1936 3249
109 1963
3073 2505
55 991
4141 3461
768 4985
1189 4207
126 631
2563 1344
36 181
165 1766
22 23
589 3862
1887 2368
2881 2861
185 4256
379 467
946 2571
2833 2148
1387 4128
205 3941
903 4867
2101 3243
1657 4769
2241 1871
565 1781
1261 2831
639 2063
743 4380
176 4401
673 4423
1457 2883
4486 1591
1297 20
571 2548
813 2765
1933 1187
256 3841
2666 3291
2757 3365
685 2331
166 831
589 2069
295 2391
65 1041
4033 4080
414 2899
1114 4043
1531 3082
2971 3406
2485 4311
967 3539
449 2185
685 4661
393 503
251 2511
1587 1263
851 1276
371 3728
736 761
745 3941
117 469
2905 2821
21 85
29 813
1453 1967
841 93
969 2637
885 1021
1891 1731
937 1544
603 930
1427 643
3619 427
545 4266
2419 4979
989 3792
1177 913
1327 4503
667 2007
109 1309
532 4789
963 39
71 498
1276 77
2857 4995
689 4628
1537 4185
379 307
8 57
181 2716
481 4811
841 2616
199 4379
52 157
1086 3011
2296 2097
1471 2971
1737 2695
612 2957
1241 3472
727 3992
568 785
89 713
2409 4905
2031 1086
2401 249
3401 51
145 3481
573 4797
1108 429
2451 2551
2481 4241
112 4145
235 2116
1370 691
3010 2591
190 1331
397 1203
3829 2083
2721 29
851 1276
865 1711
232 4873
370 3331
3991 4371
71 72
646 4691
550 3551
1476 2085
105 211
625 2501
414 2899
3316 541
361 1246
1156 461
1153 1509
289 1735
4096 3049
307 658
521 421
511 111
113 3165
137 2330
46 415
411 1852
1981 3956
1863 795
1436 3877
946 4191
225 2601
2245 1331
3103 842
676 3253
3649 2994
1057 4882
173 2440
302 2115
61 306
61 916
3841 461
1289 2185
737 3585
3592 4745
353 1297
2641 4307
1426 1283
606 3331
1345 321
2108 645
1145 381
1471 2971
586 3091
4003 2175
1915 1391
337 1177
28 757
37 149
639 4059
841 3549
2402 2699
1082 855
586 2855
1761 1856
2022 35
1145 4541
2681 2241
1582 683
1825 4026
621 1211
781 3431
3501 51
451 296
415 3736
421 1316
73 2629
1888 4857
1673 3613
1241 4641
676 3253
3961 1427
375 3251
351 1756
1222 215
2945 471
316 1637
1041 4133
837 3415
3576 2441
2245 4086
639 2030
188 3197
761 441
302 2115
365 4746
533 2463
2465 3041
3446 2639
3365 171
2211 3716
851 3935
93 373
199 4379
331 3206
1369 3034
241 3857
1830 1731
3601 1061
1432 3665
2163 1662
801 51
1277 1189
2969 2358
776 4401
530 2191
1441 1461
85 511
4081 2509
1506 2711
2113 4459
3284 917
379 3878
50 351
301 1807
496 2441
1013 3300
687 3664
421 4211
2547 1787
325 1701
610 2691
41 206
241 3616
31 32
457 1050
1101 4223
2311 1771
541 1493
681 2241
1345 1491
1799 4343
351 2458
657 513
3249 3443
122 1343
393 503
23 254
223 1339
50 351
1937 229
125 501
1334 1355
3585 4441
3499 935
2892 629
2323 4890
2031 2171
885 181
2398 2299
993 889
2926 1671
261 3573
1073 2169
2279 2487
148 3109
876 661
32 33
232 2553
704 3377
1518 2239
457 3657
421 4736
463 4447
547 2112
1297 1129
2031 1086
449 3593
1923 4614
331 3206
991 4866
79 159
817 4609
19 39
415 3636
1051 2551
2830 1031
391 1731
1591 4324
1729 657
4201 4071
2185 3621
833 1657
1141 2821
2521 1471
641 2821
541 4477
495 2871
445 1466
501 2526
785 3961
1480 481
1021 4429
1463 2910
829 4068
2861 966
172 4805
785 991
118 4603
1783 1283
1891 4423
145 2611
121 243
71 498
2830 1031
3225 2701
287 3732
415 3636
113 453
946 4191
2313 2285
34 375
2641 641
769 2305
2941 1461
3221 3167
736 1065
1646 2363
1105 1521
807 983
136 3673
625 3126
817 4609
846 999
96 481
209 435
1054 3459
3661 3322
1846 687
3301 51
2101 3031
37 112
2338 3267
881 2621
913 2042
2081 1593
97 4657
469 4389
1427 2822
55 991
193 4633
1457 2883
929 3883
1387 2382
601 3031
1351 3776
176 881
175 1051
4141 730
379 3412
2401 249
126 631
1891 1186
301 4031
901 2437
1576 921
3073 1673
561 4489
955 616
351 2551
2174 223
1537 1889
1909 1178
2746 2507
46 139
3235 3516
631 3396
3600 2401
1281 621
1331 579
2806 3107
156 4837
2965 4181
705 121
1185 2921
941 3821
2495 4711
721 957
1825 4351
378 4915
3025 3351
103 207
407 1804
991 4866
1723 2367
617 1788
225 3601
981 4336
1770 1331
3649 3537
1471 1783
1015 1391
61 184
1255 2691
577 773
373 3127
1222 215
435 1091
3010 2591
2201 1056
481 4241
172 517
37 667
163 979
47 95
2536 4841
309 3597
846 999
1749 1463
3129 2773
701 4815
2002 3139
1101 51
941 3821
67 738
460 3461
1171 131
1891 1058
991 4506
273 1093
3305 81
976 3065
409 4817
393 2752
1387 515
599 2788
901 1219
1459 3787
547 2112
151 907
281 621
316 4909
231 1156
295 2391
1191 495
460 2821
1261 3271
473 3785
1576 4401
265 3746
2669 4803
1921 2945
3051 2551
529 3277
169 2367
1101 4223
1255 2611
379 1823
1289 2185
3106 4315
1099 2040
1041 1657
1121 4236
2899 32
24 553
545 2061
1635 2131
436 2645
532 4789
3713 355
2951 2551
743 403
137 1097
3313 4025
2357 4567
625 2501
1465 4366
2443 392
2597 3224
1933 3919
9 19
1365 61
257 4113
581 811
181 544
1009 3253
3446 3991
1486 123
2689 585
701 4629
197 789
469 4389
1807 895
3796 3781
541 4608
2243 2338
1210 2191
3403 4390
2406 4023
1981 4146
1343 4547
3316 4117
71 711
493 917
1288 233
783 3010
514 4627
595 1066
221 2156
1103 958
239 1674
1351 2551
379 2654
838 979
1888 4857
1513 1703
638 3295
31 466
3201 4865
77 1464
1675 1926
40 41
1969 730
291 1879
496 2281
2962 1607
146 4235
2551 2551
191 2259
595 4271
769 4229
45 991
428 2997
1599 154
35 36
101 1011
987 2247
641 641
3841 461
1296 2953
2439 4268
1793 2377
245 4946
3056 3633
521 421
34 103
3364 3477
82 2215
2685 3141
841 1775
1471 892
4348 3925
2091 4459
274 687
1222 327
2623 659
3966 1927
1985 1536
254 2795
1626 651
163 3803
169 677
2915 731
421 4736
1041 2067
449 1287
103 1752
2521 841
481 4621
52 157
3887 447
473 2908
2647 1175
2836 3669
2068 653
1939 3890
919 4627
337 1177
45 991
697 1729
869 2167
1793 205
551 3776
2566 471
29 30
1161 3221
1771 3131
28 253
2386 2371
1921 2209
85 1786
2821 2588
672 2393
27 352
1189 1159
241 1929
316 4909
46 691
2224 1769
1567 4619
3137 769
55 496
3520 2881
2882 3095
883 895
40 41
205 616
330 2311
1520 2121
1101 556
2710 731
156 781
109 3925
2969 1265
261 3394
1886 4695
3081 2537
1081 945
2853 1239
3017 4987
4159 4495
4210 1811
1453 899
2773 3019
277 4114
291 2911
3877 3637
2051 4092
43 259
730 4711
79 3082
118 4603
253 1519
241 1929
541 4870
375 2751
714 2135
2117 2383
1450 1351
241 4821
1834 1527
1293 4568
235 1411
85 1191
523 335
313 2505
1057 369
3845 3391
2304 2897
1021 1261
1891 1058
1153 1509
3128 4553
869 2167
577 2697
406 1091
1345 1491
2901 3259
1871 2906
193 4633
