5000
2353 4565
2841 1545
2351 4147
4528 1465
1037 1058
4093 800
975 1951
4909 2494
4382 2767
976 4041
2681 499
1611 2435
2756 21
2073 4315
1049 4139
1458 2839
958 2363
4901 1101
1526 1127
4691 3971
1921 1841
830 4611
3801 3017
563 1990
4834 2739
4367 1548
4881 3031
1633 4998
631 2136
694 2755
3969 3383
1441 3854
4499 4887
2910 3091
893 4519
3326 4163
3423 3088
2837 2543
3178 4123
427 282
4049 1060
4382 1959
3230 391
1481 1021
4561 4786
3856 321
4351 4347
3512 2345
3227 4382
76 197
2501 2501
3457 1993
1287 1932
563 2499
1421 2708
4753 1022
926 4271
1831 532
1747 642
289 4914
1288 1073
4771 4786
2471 2796
885 2306
1601 1571
2421 2933
4992 2905
983 1283
4065 3616
4641 1971
3674 4899
1609 4719
2785 841
4016 889
3793 1595
1347 1274
4481 2616
3081 31
3137 1969
176 801
2023 4419
2571 4383
2105 4981
3466 587
907 1834
1583 3435
921 881
3925 2951
1712 2689
4401 1663
481 86
2701 1138
2026 459
1341 2141
1721 4645
4203 155
2974 4599
2289 1017
2359 823
3161 4581
641 377
4066 2011
2761 4021
1017 1969
803 3902
1031 1096
413 4509
298 783
4614 2287
126 251
743 1972
1401 4801
4633 2932
253 467
1761 425
3705 4186
4375 1251
4549 3789
863 2468
4987 3467
1777 1724
2787 3335
2663 3383
901 738
3271 4231
3965 1491
3785 3121
833 3787
4693 1693
2182 1047
395 466
4774 2247
121 1479
411 2531
2511 2991
4181 1731
4097 180
1695 416
3414 2043
4089 2053
4601 1676
2441 3998
4222 35
81 1722
177 425
4336 3721
3341 1511
4093 125
297 943
1025 1701
105 4381
338 4835
4931 2274
921 1857
4845 1236
3937 4029
4897 993
2321 1193
4730 3131
4755 3106
1851 891
4052 1725
4175 4076
1468 189
143 519
3909 4502
4673 3822
4031 3703
1321 1440
4481 2661
3277 2407
2873 1129
1876 2501
1320 4641
1038 83
4756 3949
4819 4403
4000 3001
1715 4806
3691 4142
1165 886
2161 3361
2253 1207
1001 4251
4721 3966
3671 1148
941 2164
1773 4444
3643 3032
4114 1595
3135 2616
1263 1875
881 3545
206 3791
1191 4799
534 4227
3171 766
4469 53
4531 336
3366 4131
4025 3551
4758 383
757 604
1967 243
4986 3075
586 3511
366 3111
1541 484
3026 2843
2267 2962
2501 3501
3903 615
4107 3639
4796 861
3416 1681
2181 2021
201 3875
2261 2829
2945 2621
4257 1767
1379 4943
2169 3293
2451 2851
521 4873
47 3220
57 2770
4845 4661
1179 3148
2038 167
4166 331
3521 413
2501 4326
1137 4533
2873 4572
4300 4901
1309 1115
3245 4931
3565 3706
1857 1842
1311 1686
1289 118
4751 1884
535 2206
2051 4280
2597 372
3919 3770
3289 4585
1175 426
1303 258
1524 789
3189 2254
4319 2372
3305 4721
1537 3465
1487 1003
1401 4681
1311 559
1707 3315
658 3615
2831 879
589 2669
4569 1269
153 2167
2991 4711
1257 500
1627 1748
4315 191
1309 207
551 1526
331 3519
826 851
1030 3011
4801 4247
1849 3613
4347 1379
102 927
1410 4731
2786 491
4186 1311
4321 3481
425 101
2821 3117
3017 4279
2153 3999
2343 2399
3727 347
1117 578
4045 2031
2326 1651
491 346
619 2803
1107 4004
1817 4049
2513 3113
4425 451
225 4401
4601 3377
2013 743
3971 232
3947 1780
3532 4925
3329 699
4331 4318
1651 3076
3379 2347
268 805
1666 4715
2186 2631
2159 115
1001 2761
1681 3081
2279 1099
814 3647
1779 4542
3789 4829
2340 741
1552 2345
4337 2925
4483 1187
4507 3142
1876 4301
419 3900
4251 226
2821 2971
1293 4795
626 2751
4801 1179
2606 2831
3347 3152
1813 4468
3465 541
4353 3475
2631 3642
177 303
771 1074
4501 4501
3697 33
777 4384
971 4214
2621 3533
4553 2073
3926 851
461 3690
1323 2203
789 2475
766 1531
4001 4001
890 2091
1617 2837
1649 84
177 1705
1235 1411
1011 4055
4968 57
801 2686
3971 2867
4501 901
1777 4093
3376 4081
3808 3105
361 521
2901 1346
2875 4626
3219 4444
3664 2649
791 1836
791 3587
4966 2083
1075 4851
4521 81
2961 765
783 4120
4491 4156
3593 1473
1333 1338
4336 2225
1010 291
4741 1011
3326 3851
3441 577
1921 2761
3915 2691
4721 59
2623 2498
4567 3862
653 359
2676 4101
2186 3411
3133 699
4601 1421
3792 1577
4157 3128
3443 587
801 411
2556 3221
1563 663
3534 4663
2601 4726
4241 3921
3785 2881
3997 4082
136 1937
797 1427
2 3103
2933 237
1613 2522
1791 3606
4822 3415
301 2676
2921 4949
2598 2803
3713 2217
4137 4299
4435 2996
706 4143
3384 3209
2285 661
4521 913
903 2399
2303 2420
3807 4323
2033 3909
2521 873
4306 211
2977 63
4004 1277
2451 476
943 967
2393 585
4125 4751
4953 712
1671 175
3130 191
4453 3933
357 2379
4013 1142
289 1329
1387 4899
2447 358
3991 1871
751 586
3152 4633
1766 1691
4760 4361
4057 2245
3897 2057
4185 3906
4925 2776
3393 1145
1921 508
561 2241
3153 4057
1281 1187
4229 467
3001 1277
1966 3423
3316 3773
1745 2606
81 3775
4024 3609
1297 657
4317 3125
3276 813
4561 293
3989 1627
1540 1941
3141 4123
2376 881
2001 4457
3497 3825
2528 3729
3825 351
393 4209
2761 1916
1794 2927
550 3351
2877 4680
1989 4230
2989 4179
2581 2712
1464 2353
593 3823
2313 2913
4513 1943
3849 3753
1574 2667
4009 2273
1516 2541
1121 2377
933 1259
1664 1257
1559 2302
3005 1181
601 1785
4201 3841
4161 1771
4777 4683
4435 406
3106 1311
3627 2564
1270 791
65 4281
491 1767
3356 1061
45 1736
2777 3357
1767 3859
4401 3901
3841 1117
1529 3228
1995 1056
2777 1133
623 4239
522 3335
2457 903
3501 3304
1480 481
876 3141
2616 2569
711 371
2261 267
3955 491
1321 195
3001 701
3956 3709
3498 3943
1017 3880
1665 1796
3094 4123
2821 2261
2271 2574
2323 3272
2188 3933
1 1251
3071 4691
4812 3357
3637 885
70 4971
2901 3255
3493 749
3313 1349
4741 4316
1679 2780
3405 4421
2693 3468
4634 2179
4309 114
1389 162
4385 4231
4672 4193
3281 2841
2977 1397
1 1251
1498 2175
984 1713
3933 3322
1411 3571
4837 3917
4530 2311
1635 2991
351 936
1807 2768
1001 1797
2928 4817
4745 3641
2551 918
4442 1499
2137 715
3301 2356
3111 4052
3209 2039
2201 3061
2639 1598
3525 26
2551 4723
2855 1191
2525 1076
3149 2492
2239 1847
2591 466
4505 1191
3545 1486
289 2062
3363 1942
4577 4217
2403 75
3461 541
3057 495
58 4387
3521 4553
1561 4681
3229 518
2733 1520
2487 4115
3977 165
207 3459
2049 4425
3957 582
3018 1135
3253 4319
2555 56
1721 4761
553 1017
2480 2281
4712 889
2201 810
2289 3225
1807 2978
3929 3387
3183 295
657 2973
1128 4737
563 287
2429 4168
1673 2137
2211 386
2857 3485
2537 4777
4899 4755
241 3109
1129 2193
1061 4642
4541 1103
2217 3313
3415 2886
585 371
1185 2361
3566 4539
42 4883
2009 2649
3017 365
4474 843
1736 4833
795 3171
609 4867
1649 2919
970 11
1742 3479
2745 3181
2140 4181
4875 4251
4624 2185
3411 3348
3161 3461
1041 2013
6 3847
1671 2871
2829 1695
2024 3177
1321 4816
2045 2666
3991 3411
3091 2291
1556 4421
1753 489
861 507
1901 4021
2817 3657
1515 4666
2494 4775
4587 1783
3661 3599
2547 3147
1747 3914
3011 819
803 3283
2383 1470
3312 3793
265 4891
3897 3835
2837 3020
1587 272
2953 3782
1173 1515
2337 4312
4041 2871
2121 3633
3284 3933
2085 4581
2635 2191
2696 4281
3906 3971
3733 109
3929 2549
2081 4753
2937 2877
4604 629
1828 1565
3670 1091
1750 4751
3135 2531
2679 3479
2552 1609
4864 2777
4806 2831
4777 2845
1933 4509
4569 3233
367 2494
3625 4751
4090 1631
3671 2890
3551 551
1502 2419
1119 815
2353 695
3026 2811
537 4857
476 2181
1616 17
825 4801
4457 3609
4476 4285
173 2819
3914 779
4185 4961
477 4755
529 1033
1489 873
3310 1471
4321 4391
3449 4249
4822 3159
125 1501
3861 4991
1174 4959
573 1407
2141 3224
3021 4371
749 3639
2702 2035
2185 3761
2709 2450
2889 2457
1855 3646
3793 264
1201 2721
2326 1319
3511 2264
4713 4089
1681 605
593 2480
285 541
107 2259
4881 2704
241 2778
2431 2115
4015 4311
721 4734
3051 4531
206 3015
2065 911
1247 1795
1686 3603
3646 4199
1961 861
3136 1977
4697 3353
2246 1331
4708 4885
3526 351
1034 1067
3613 2077
2427 539
2878 4407
1721 4441
665 1961
3036 2573
3249 4107
4861 3811
915 531
96 4897
3492 2853
4471 1379
4563 3979
1793 4833
241 3569
953 2713
2837 490
1115 4306
1926 4011
2151 1391
4544 4369
1621 2110
4650 2151
1921 4321
4452 1069
1320 3241
3527 3719
2221 941
321 3121
3234 4655
4809 1640
3141 1531
4843 467
1553 933
1104 3697
2631 3490
1412 3125
553 4220
2619 2387
231 807
82 2415
2981 212
1909 3520
1091 446
4774 703
375 1626
2065 3531
3956 3893
3650 151
3745 4386
972 1909
4671 2950
761 3311
481 4173
430 3491
751 2576
3723 972
1 3343
651 1647
949 1735
1717 279
3395 4806
453 4154
3299 4427
1409 305
3723 967
2743 4467
490 3071
4201 3929
3967 4527
1397 3307
1147 4518
4561 4839
2602 123
9 4799
1620 3381
4353 4082
3930 1491
653 1199
1127 4792
2401 4586
1001 4191
477 4323
3250 251
3575 4776
3476 3581
386 3935
761 3161
3345 2241
2915 2071
757 2460
4509 3123
4343 1958
4679 2030
3577 4857
3006 111
3109 4974
4029 2284
1226 4851
16 217
2535 2206
2283 1575
401 386
4894 2795
3045 4111
1693 3437
1726 651
4016 2561
680 3161
3381 4875
1139 3047
1333 672
4755 4896
4183 1748
1041 4161
1765 3011
1221 1261
1102 1179
941 4971
394 1243
2145 1221
2322 1179
2785 2721
2591 2956
2221 1286
65 4921
4885 3741
105 3241
4489 2589
3473 2613
1761 4396
3735 1231
2271 3931
4905 4841
3418 3763
1933 3773
2664 2025
2297 2113
546 4667
3183 3383
3782 4015
4720 3481
4947 4924
609 2633
102 947
2361 3781
2385 466
2869 2917
686 3191
3007 2668
3783 4315
1609 2427
2650 2951
4584 4657
2145 741
2485 2571
2033 45
2337 4313
2501 2366
3913 1313
1051 3095
2385 3071
2783 1064
3721 4261
4289 1079
4081 1373
4213 834
2064 1345
3631 2416
1531 4403
212 293
2243 1119
1886 2399
3533 324
2777 2833
1855 2096
1773 2157
31 66
1777 1905
3531 796
2651 2099
2437 1924
1537 3145
1025 1951
2831 3106
3725 4826
273 4255
1301 4051
1150 2951
4211 1231
109 1877
2241 3213
4112 105
2019 2807
1147 2692
677 4463
1060 2621
984 4049
4557 1139
3481 509
384 4657
4037 1485
4930 3591
2081 783
2876 2901
2245 3266
3314 3459
3877 2213
2901 3901
381 2231
4741 2981
2893 1549
3671 4284
1843 75
3905 1721
3718 3583
4425 2701
733 2967
2821 4131
2631 4475
3113 4353
815 916
4463 2550
648 1369
3409 4324
4814 3935
2091 2483
3228 1509
3431 2744
92 1405
4486 2771
2117 3379
865 4041
4241 4961
4193 813
835 1571
1617 89
1901 115
1305 3806
3969 862
971 1658
4440 1241
4701 3309
2461 771
3835 191
3254 3703
4486 91
2307 1114
4632 4617
4502 2079
3761 2341
1921 641
4249 1217
3961 2730
2031 2455
3391 596
1887 4147
4864 177
3186 391
2031 3406
2201 1076
89 675
1277 2458
2801 4801
3776 3881
2766 1571
809 1473
4121 536
4934 707
2647 403
1724 2237
3401 4041
2255 2031
2426 3031
4467 4467
2666 3631
1589 1007
2073 2213
1301 2834
3361 2011
3181 4311
510 3371
1561 3081
781 1711
1176 4201
1911 1331
4521 4941
3671 594
589 1570
1377 259
3217 2169
3469 429
4093 4165
4371 3082
2474 4607
353 509
1586 2715
4871 1092
4308 373
646 911
2326 1359
1186 2755
1591 1244
3883 3770
3939 47
3259 598
2945 81
125 4751
3501 3251
651 1651
595 2866
31 3147
4693 117
3978 1259
4245 3346
916 4373
48 537
3513 3385
603 4883
869 1778
4777 4904
891 2619
4493 3027
1853 2005
2180 4741
1897 2589
4795 1531
3881 1506
4515 1611
4633 2185
1921 1247
277 1027
1411 3532
2711 4504
2897 439
729 2473
2312 873
383 2008
1961 1146
4541 2546
3164 413
2460 3541
2093 2277
2410 671
233 2393
683 87
3741 2936
4505 1471
1322 1615
481 4096
4548 933
1437 397
3269 3534
3976 345
3522 4627
4701 951
4763 1494
2281 2571
1801 2016
1037 2749
4601 3509
3381 2443
1726 3611
2588 4205
1141 616
2826 4771
654 967
2032 3113
3618 4175
4657 3525
881 561
339 627
3181 3466
277 309
4622 4967
221 4802
3075 3276
1445 3506
1309 3693
4679 2063
1721 3605
2001 4501
1889 4660
1551 3416
3936 961
4976 1601
2981 667
2391 1196
1139 2115
87 2058
1569 1045
878 3495
1684 2765
3213 2782
1597 1982
1360 3161
4889 2224
2039 1587
3985 3121
2814 299
4253 4187
2631 4260
3039 3607
1406 1783
3860 2661
1519 1463
1401 3201
1527 3635
820 2221
2093 197
593 3120
2593 4223
1877 1115
1447 4890
2989 3847
363 2755
2251 1391
3641 3721
2143 4819
2495 111
3995 4136
2311 4343
2113 1640
1653 1584
3851 3867
2045 3991
1460 3541
3899 4335
2501 261
2254 1355
3717 4445
2981 3461
3205 646
3377 3239
241 42
3802 4643
2915 11
3639 350
25 4601
2376 1801
3409 3868
3722 4167
617 2424
2314 3359
1681 2427
4476 2181
746 4655
2051 4192
3785 2746
3751 4526
3181 4171
4497 2657
1619 967
521 4911
2475 526
1183 2680
1611 866
4921 3468
537 377
4337 392
3629 4973
2889 3204
3009 657
2956 45
4581 3618
1977 487
1679 2787
3991 4120
2943 1034
2154 4363
352 1225
4425 601
3389 1183
1238 1699
578 4087
1970 3131
1951 4426
1681 3635
1000 2001
2391 3011
30 2191
2420 4861
1777 2665
2891 1294
721 4473
4225 2601
3089 3647
2867 2379
3049 4149
89 449
3965 341
1877 1845
1409 1439
1901 701
811 3936
4945 2831
4041 1481
4466 1443
1471 2119
905 171
2425 3826
2985 481
4201 1325
3493 3208
1705 3011
1017 1177
209 73
75 1051
7 4050
3085 4946
2906 2055
1001 2126
4967 4447
1712 3897
1609 8
1857 829
4080 1681
3999 3924
4469 2903
3043 3284
4641 4046
3565 4021
2929 1823
4413 4963
181 946
898 2419
1619 4739
4149 1997
1081 981
3401 4051
2801 2895
271 3011
4461 2295
3651 4451
3001 401
3121 1931
2769 3709
486 663
741 4211
4080 921
3853 4525
2832 2353
649 3817
4722 3587
3124 1037
4105 881
3896 2089
3826 3723
3449 3227
785 631
4401 3091
1423 2548
391 3936
2326 4811
4831 4683
2289 265
598 3247
1301 476
3585 886
2757 197
2476 3301
2393 3080
4926 1171
1665 556
2230 4811
3479 1123
254 3939
214 2499
3303 507
4711 555
3293 4445
1577 4265
3761 2813
2417 2433
2542 4575
1045 2346
421 2581
3661 1991
4457 2737
1555 1546
59 2922
1829 493
2381 3098
289 4767
3078 1059
1853 3150
4909 3723
2685 3091
4230 191
67 934
4897 3839
3699 4912
1249 3269
569 857
4979 3614
3201 1465
3340 2421
4414 1935
2425 701
3609 185
4627 268
1614 4535
2877 559
1413 2167
2409 3444
3768 4353
33 1569
1297 4884
439 4419
1596 2149
3528 3073
4331 1831
4174 4455
1539 2302
3687 4372
653 655
2037 3807
4712 4657
1001 1501
978 4055
3311 642
3144 4313
129 1753
4733 2133
1104 3529
4579 3443
3441 1031
4692 3325
2810 731
1201 1141
3125 3751
4617 757
3636 2957
1186 2287
3767 360
1706 191
4081 4016
259 4455
4739 1555
588 2453
2401 139
3036 3077
3576 2201
2209 4545
2641 1505
2909 3087
4961 3172
755 1311
983 3795
1525 4651
3799 4399
1753 27
4739 2514
2296 1473
2299 1523
4336 3481
3265 671
1639 2983
1549 4978
1120 3641
3351 3159
1896 1681
41 4377
961 2136
2749 1757
4866 3391
2911 1216
3541 3328
785 1761
369 4633
3777 1694
2769 4260
4941 812
2507 1403
3428 1237
4614 1479
4446 4267
4912 1105
399 2728
2032 1409
4601 611
701 4748
1155 586
2733 2267
3230 4011
4271 683
3729 254
352 3665
2041 1721
3863 4560
56 721
2577 443
4636 821
3581 2971
1027 4899
1571 446
651 1451
936 4745
849 2933
4347 4390
2771 482
1948 109
233 1837
2051 4451
2341 4515
1133 3298
4411 4827
3283 1352
4021 2759
1921 3121
394 4935
2016 873
3226 2951
117 3629
2941 3331
2193 2143
3705 2141
345 3841
2073 4857
4098 2787
3517 2578
3087 1607
4481 1866
4349 2589
1769 3200
3274 67
3553 389
3647 1840
1804 2397
1281 2231
222 2503
320 4481
2244 605
1753 3615
2572 2253
2933 1558
209 4635
687 95
961 4657
2930 2211
3661 1693
4089 3433
321 1681
1248 2225
4431 1043
1625 1001
3075 226
3673 4733
1557 4932
2475 2451
3786 171
1211 2571
1881 4143
1593 2545
3739 2924
2027 3407
4595 4456
3767 3979
4912 1473
3631 3111
1786 2391
1453 2573
655 466
3633 713
1361 1817
972 357
2657 2715
3651 1476
2314 3687
1277 1780
2555 4486
4676 2301
4857 4305
2901 2831
2209 4517
3230 411
1707 3783
2851 1586
1993 2185
2713 4097
644 2717
4529 2129
3417 1820
1296 361
3629 2415
2897 1195
4269 1557
945 3561
3901 2186
2443 979
3100 4901
3745 4306
2001 4781
667 2343
1196 4221
2493 4757
4103 1959
1568 1473
3511 827
4461 4768
659 1583
20 1421
3305 2061
1345 1841
2266 315
4593 4417
3059 1355
4513 1137
3557 693
4329 2760
537 4173
1198 1695
3106 4871
2649 2705
4993 373
1356 4741
3101 826
4531 147
1263 3603
4265 1381
2422 39
561 4193
175 3451
4097 2905
4929 959
2044 933
3837 2509
3161 1068
4751 1751
4001 1901
3221 4683
1945 1321
3017 3999
2251 4626
1901 588
3868 4413
681 2161
2093 4869
321 4361
256 1753
4419 919
4033 3905
3481 4775
4795 3716
2847 1590
4081 1161
313 737
1601 183
3935 2806
4736 1393
3421 4317
956 1261
4141 1036
4965 3591
575 4926
1670 2331
3605 1061
4632 1497
3805 2316
3729 2097
3286 3991
1121 1270
4226 4155
1377 565
1001 476
2201 4541
1878 559
4140 461
4659 1852
3555 4871
2701 4067
1561 1121
2285 2621
1769 4193
1127 1858
4126 1267
2825 1201
4701 1077
4681 4361
3592 2185
889 395
4791 2824
81 961
3545 4821
2752 3817
3835 1256
297 4050
541 4143
2365 4211
2707 2323
3451 1391
4247 4983
571 4431
2042 1307
2329 4159
4855 1311
2044 285
1689 1177
3956 381
3390 2811
1355 3096
3903 1167
4441 3817
523 263
1609 3617
4471 2356
485 4886
3069 933
4410 4411
1564 3485
557 14
2782 1319
4051 327
3901 2031
753 2802
107 3532
1262 1263
2343 1378
2197 1517
1337 2437
2226 171
3011 771
1993 2798
2001 66
111 1555
3833 1329
126 4411
4641 1411
2656 3905
4591 2506
4826 431
1602 3887
4351 988
4125 4126
3071 758
1777 3433
4156 3581
1393 4079
3534 1439
2201 1031
3726 2959
741 2411
4296 2057
921 130
1534 1759
3777 973
2111 556
871 3518
1953 309
4971 3435
1555 2631
807 1790
1445 256
4169 1705
1189 2379
4394 2883
409 3273
3265 2241
4837 3208
3903 1375
585 4041
1 9
849 4622
1233 4049
1401 26
4921 1841
4881 3337
1973 3002
2865 1061
4708 4125
3227 1455
3135 3811
4071 1995
47 2163
53 3499
4553 167
4073 1629
1605 4511
2468 1637
2386 1231
3828 389
4277 4757
3921 2525
3336 121
279 1719
4521 841
151 2115
553 4310
156 4205
246 1975
240 1281
1690 4291
153 2957
710 4171
1353 3297
3811 3874
2938 2319
2976 4401
877 878
3585 3681
4417 4843
1501 51
977 403
4615 766
2714 419
1801 3225
138 4003
4567 3588
4402 1679
1241 4425
4344 3105
256 2545
3139 1839
4419 3979
4196 2741
417 3349
356 2461
2613 3264
1176 273
3303 2908
2201 26
767 4603
2813 1269
437 1312
763 4758
4386 2195
3197 669
4971 3667
3235 4986
2255 791
1251 2551
2387 1159
2246 3183
2293 1339
4010 4111
4318 4315
1867 2942
2409 3909
2689 2939
4393 1009
1761 661
3378 3499
359 4387
1926 3151
4541 821
417 418
2215 311
3456 3609
2225 4601
627 1367
1108 4405
4896 4281
3527 1163
4649 1577
625 3751
1313 1818
1949 83
3321 2841
4553 3213
4527 2027
4363 603
697 4638
793 4033
3449 737
3585 2081
2161 4831
4677 789
4969 2893
2935 116
1125 876
2751 2531
2951 3531
4172 4205
4397 2514
2129 1645
578 4479
768 4985
293 4103
3717 2757
4217 4587
3005 1236
3305 1186
2511 2886
4013 2885
323 1138
3361 4441
4534 1575
947 4358
1097 4747
2746 3491
1823 992
3905 4671
886 1011
2713 427
1697 729
332 1933
3359 4207
900 1101
3633 3449
3401 1041
3011 3562
4154 543
1511 1622
1216 1081
4031 931
704 905
1 26
1085 2696
1438 3339
2885 4621
1233 3845
15 316
2059 3243
4557 1838
4169 3353
407 815
3009 4163
2996 2877
1561 246
1701 51
4382 787
3271 4299
2933 728
3593 2465
2747 4544
3082 199
284 3237
2150 4551
4834 3839
3518 3519
2249 684
594 1287
3404 3069
4424 4473
2047 975
4793 4858
1993 2833
3526 2891
3147 1999
1973 245
4579 687
401 4437
4341 3411
3023 1162
1241 2411
2937 3843
1565 1261
1532 1533
1608 2337
1741 3749
811 3795
3371 971
981 3671
871 1131
4515 1086
1228 3245
247 562
1113 1713
2469 2955
1491 2186
2999 3958
793 3065
3970 3971
111 3331
4291 3022
3165 2106
4022 1419
1831 1903
1497 3953
3351 2551
4968 3753
4593 3953
2689 757
4737 267
33 1387
4161 1373
1777 2527
4026 1691
3466 971
3802 3695
1165 1261
1746 3175
4952 2937
2753 3157
2321 2841
4073 169
951 2551
2417 2677
1378 279
3581 2699
640 4161
3751 1274
3377 4557
3726 699
3827 2583
4481 4760
4379 4508
481 203
1324 1637
4901 546
3817 2413
3838 739
3256 1281
2551 2551
1343 4982
737 1273
4231 2323
3921 3787
1333 2994
3993 3889
2027 135
3441 169
4233 1933
3617 1277
3553 2379
4831 2804
1209 1168
4365 631
1056 2521
3921 2843
1694 903
1266 1843
4533 4067
1177 329
3822 2855
73 3213
4937 3237
3035 3211
621 4252
4847 4187
2929 2013
45 2341
2330 4271
3209 2689
3869 237
4851 1872
2296 4849
3229 4268
2617 2107
3971 754
759 674
161 3221
546 1639
1133 4779
377 180
541 166
531 4338
501 2506
1306 1531
2620 4061
3621 3293
3843 2192
2968 753
4447 623
563 4143
269 3989
711 1331
3404 3069
1501 4007
4785 4466
1793 2377
4545 1791
3729 2375
456 521
3106 831
1175 3526
951 3776
2551 3980
4397 4072
1785 2841
746 1191
4357 778
2386 91
3011 771
1472 3297
1781 621
3 175
4841 4913
1241 4821
509 1109
526 3151
4853 4707
4497 2809
1165 1941
3989 3990
1374 3855
4881 4525
2487 4767
1073 797
2420 21
1981 1412
1328 4137
2441 3666
1661 3119
4508 4749
4817 4635
3507 1043
4545 4521
3395 2531
2856 1369
3936 97
1411 3467
77 3543
4141 2205
2237 1845
4453 1403
4237 2192
2057 4338
1281 456
2537 297
2003 4067
1893 1935
2253 1940
3189 1853
1578 515
1904 4953
3019 103
881 2861
1300 2101
1901 2031
713 633
2593 3174
3543 1092
2747 3122
873 477
71 2983
2347 4392
4080 1761
516 1317
2051 511
3409 4089
831 3311
1705 4121
2478 2259
3925 3351
613 1973
868 2533
255 456
1667 1682
4257 1907
3987 3923
4281 1241
2065 3041
1099 1595
3449 1573
1854 2475
2675 26
2463 4335
4838 1415
4424 233
1626 1423
98 2647
721 2587
1468 277
2506 2603
145 3846
1581 1699
1099 3634
4389 2394
1581 1621
2689 3695
1401 3021
4821 156
3770 3771
3907 164
1026 4639
3209 4107
3128 3177
4865 3386
4861 4723
413 1653
2663 162
4195 2631
3487 2767
652 2605
2811 2166
4796 1533
225 4401
1262 3883
2073 2308
61 1831
2388 1717
269 4147
4193 3545
2261 570
965 1671
46 231
1045 1496
1291 2911
543 3667
4517 2640
386 2371
1513 2755
3073 2505
2121 4090
4601 3006
4651 806
1761 441
1225 1151
3079 1267
505 3281
1777 4635
2513 2774
3379 983
3313 2887
821 3736
569 4105
2697 2487
1209 4673
3580 181
3005 3181
3525 3951
2259 59
985 1981
2842 4259
3106 1135
1129 2257
4992 4737
497 3977
2225 4076
3885 3711
3886 4431
3950 4351
4049 304
4916 1557
4805 2786
2765 831
4161 1611
2805 611
3311 4398
3065 821
792 4897
722 4043
749 204
4168 4209
2353 1472
1832 2745
737 897
3961 845
3626 3171
2561 489
3830 1811
4478 2555
1611 3331
33 1552
1061 3661
3067 4743
2233 2865
4421 4736
551 306
3850 3651
4436 4285
3535 891
2367 4415
917 1835
4737 1325
2461 4221
4089 1273
4176 937
3241 4641
4085 4936
1363 2699
4927 183
907 2607
3235 2631
46 2439
1857 1570
3695 191
4969 4877
3752 1313
3489 275
4147 1235
4437 1717
2101 2526
2093 4302
1921 2631
845 3941
311 838
119 4404
180 1621
1377 4787
4401 2031
1911 3195
3166 811
664 665
881 4955
3601 2460
1069 4277
3269 3077
4001 2049
3921 1369
4751 2571
4159 3654
881 2621
1399 1143
182 2463
4604 845
2163 3794
2497 4935
3561 2441
2956 4341
3350 3851
2379 4435
507 3043
2141 3461
1020 4261
4995 4846
1161 3763
2751 2551
4556 4461
4740 2781
3903 2807
605 2511
3641 641
1625 3251
3197 502
3001 2045
4241 4461
3326 3019
2601 3814
2201 433
4685 4331
2857 3563
2600 401
2876 3933
3962 4607
3794 2615
2291 4366
1161 3221
2661 2085
3290 671
3719 703
1914 3475
89 3917
2051 2551
4913 3609
3779 1338
4460 2581
109 1309
165 3086
3183 1870
1575 4026
1432 217
1129 3225
831 3311
855 4331
3721 3261
681 3836
4885 4021
1245 2231
4963 3558
3639 918
206 3091
610 871
3651 1276
2041 1133
3115 3611
2521 3446
1929 4244
3912 209
4797 54
2068 4605
1900 4301
4021 421
4724 1477
3769 2615
2548 525
4801 4827
2302 175
3079 899
1932 4213
3658 1927
820 2141
623 3627
4055 1531
2081 1509
1281 1861
1155 1991
1025 2301
3080 3241
3949 3247
1276 1693
1918 1099
2179 3562
3441 1461
2737 322
1381 2621
801 1653
1977 2805
1049 4549
413 827
4841 4666
3172 2149
3053 2213
3628 29
584 953
3761 2611
4043 1603
1976 4881
4139 3279
4301 1770
1881 4646
4053 3220
1572 2445
4721 1866
4075 3951
2437 2229
4553 3545
3489 2583
4401 1041
4489 473
81 3241
2853 1239
217 869
305 4641
801 1434
473 273
2869 4595
2126 3151
3363 1514
4657 4025
596 3741
2363 4350
4601 51
4769 4837
2924 733
4157 3520
2961 3441
634 1067
1595 3496
2683 2808
293 4670
4932 1669
4545 4971
1873 1175
1053 4750
3552 1969
3841 461
696 185
3537 1593
1597 4165
3945 1241
4629 4773
3721 3145
3531 311
201 3016
1557 965
2581 2107
4377 1998
1501 11
1792 3473
1225 3601
4057 2369
3148 2037
2565 391
935 4636
2105 1041
4811 1118
1185 2286
4042 3059
3449 737
89 3205
183 3968
2667 4019
4309 2159
1123 2167
3501 1530
1001 41
1805 541
677 1037
4299 1868
629 3967
3605 16
3702 4763
3113 4233
871 3711
3502 547
2391 1731
157 3950
2166 791
2609 4797
256 3569
1633 523
4693 3730
4816 4081
2890 4911
1451 1276
489 2825
1066 3631
3233 2593
1589 3519
3800 4201
4751 1286
1688 577
3135 4566
1617 4405
4164 2445
4824 3209
550 1651
594 3167
3602 3703
2046 2071
4881 2861
4809 833
1241 4641
1021 106
4459 2148
241 3375
1759 264
3993 588
1513 3677
4832 3745
4391 2371
2449 2553
4567 2444
1895 1691
3861 3862
1377 2755
3370 2731
967 968
2785 1466
2339 2680
2662 1735
4789 653
3538 1843
3938 443
857 3429
83 64
3809 473
1019 2255
4105 2721
1699 1747
1700 3901
3391 2596
4193 2072
403 315
786 3931
2278 503
4134 1619
306 1531
1151 1511
2651 1276
1313 1513
1297 2257
3477 805
1969 4513
2471 1892
284 3917
3353 3767
651 1068
4064 1649
1031 1086
2375 376
4905 3921
225 4401
4103 4104
4256 153
4996 4861
4729 3077
1037 2888
1391 4174
1841 1005
2817 2119
1654 4659
159 495
3141 3461
4558 4807
4814 3655
2565 1821
3446 1423
3209 1345
2950 2851
981 4811
753 1145
3833 3834
2289 2827
1405 4011
3926 227
3549 1333
4988 4269
3421 3421
219 4455
1109 4380
424 3409
3508 4557
1039 2210
1615 2056
1691 3456
1025 2301
4478 2995
191 4203
2205 2021
4825 3801
713 1373
2073 3899
2969 1257
1161 3577
625 2501
70 211
726 891
1016 561
4977 4265
3967 4219
4751 3527
2319 2467
977 863
4111 1219
25 1201
4185 881
1151 2551
823 638
3928 3193
4785 2961
4411 3496
1005 3291
1001 3069
1857 1570
901 2259
93 652
498 4423
2832 3145
2657 1257
973 867
4129 3033
803 2667
1892 4197
9 145
613 2970
3361 1661
3588 2293
2663 2880
4437 1784
2644 1965
2987 650
3481 4747
2801 51
4985 4821
1941 3821
4653 837
3371 1131
2174 1523
1650 2451
355 711
3539 2079
3090 1071
2861 2275
2345 2561
3811 3874
1161 1441
4520 1681
3904 753
4654 4967
4877 4958
2585 3061
3465 2021
3137 385
1433 4424
1881 1431
1381 3287
187 2432
132 4357
548 4933
2453 2933
2316 3117
641 4230
15 211
3689 183
2878 903
4633 1789
4201 2423
732 869
1072 4665
1021 631
121 2745
3121 1848
3979 1098
2601 26
815 3196
3513 1729
1681 689
3489 2253
3981 925
1849 1850
3387 1775
414 3599
3851 2551
163 4455
4305 966
4515 1271
4069 1967
279 23
460 2021
4905 1581
1245 4661
3369 3558
1705 3891
4501 61
2475 4851
2503 2678
4365 4286
1197 3230
4486 1871
367 139
237 2799
1167 2335
3669 3775
676 3381
4626 691
4151 2551
1716 1541
3343 59
513 3469
3023 2312
2421 2106
1753 3049
1596 3517
1821 1390
4931 3759
2267 152
2711 2175
1198 2555
1791 2239
1207 4832
742 195
264 2409
2773 1927
585 4681
581 4861
931 4448
2511 2578
1695 4836
4741 4461
3961 1104
3406 587
2935 871
1361 831
1905 2871
401 1041
3736 761
1373 3365
1365 3711
3505 1181
1281 1241
3506 759
2352 4393
2561 2441
2796 3189
61 3966
641 129
421 999
1516 3645
2231 1171
4095 2331
1311 2106
1205 2716
2651 2652
3853 3709
485 2911
520 2761
3267 3807
3945 2066
2529 1277
2083 1242
985 2131
3231 2004
2357 997
3116 2613
3795 3311
4502 3587
110 2591
3767 2118
4703 3219
1791 3956
1453 4403
597 1717
2471 4943
1173 4077
129 4129
4741 1195
801 1046
677 4944
1177 4709
3834 4527
1454 1603
1673 3442
689 2207
50 1851
4003 1118
1481 1823
657 4822
1229 2459
4346 3187
4930 1431
2893 1038
106 3499
4076 485
4449 3553
267 147
1493 1144
3610 4091
2251 2511
2923 847
3889 559
2621 2261
485 3431
865 4791
761 4573
4141 2205
625 1
3952 2513
3157 735
853 827
3053 2213
4849 2283
163 2662
1789 1790
2039 107
1361 4441
4441 1088
4757 4309
3311 2843
4665 4666
898 1575
4001 26
785 121
2138 3315
2899 1042
706 1887
761 661
2596 477
4941 4765
2801 4056
2433 3414
2449 1533
513 2053
2450 4351
4037 2259
117 703
4543 807
4907 4235
525 1526
3176 4273
790 531
888 2665
4417 4843
297 1633
1985 1011
3685 3456
3582 1863
4939 2134
3764 4213
2099 4763
3105 4681
1144 297
4885 2296
3441 2641
4771 2864
885 621
2281 2811
546 4571
1151 2551
897 4087
2453 104
1756 4021
1649 1279
1201 3041
2147 3144
1543 2834
1922 363
819 779
4388 1133
4455 96
201 4071
1041 1641
490 3911
1349 149
1737 2955
2361 4441
2883 2215
3601 2617
4285 2846
3685 2661
2041 1641
4408 3225
1181 861
2769 603
4109 1437
3088 1905
3813 830
199 3160
141 2821
3737 4169
4407 2130
4265 4431
3429 439
3181 4544
2141 2756
2377 819
4551 4347
4031 1047
569 3899
420 621
9 109
947 2199
1429 2173
4769 2609
3093 372
4687 3412
2745 4211
721 816
4555 4766
554 3227
247 435
4189 1207
2979 3623
1881 1671
489 1358
85 4421
3309 4125
2061 4123
4842 4099
2745 1661
1477 2035
2896 1857
1886 3731
1857 3993
1363 1343
4805 3956
689 3073
2576 2881
3389 2005
4785 3066
1513 4729
2566 3887
3363 2172
281 563
2325 2901
4951 2551
2416 3721
4601 3006
2688 2689
1401 1066
4745 1841
2728 3233
2582 2583
1185 2661
1693 1739
2881 1431
2205 3821
721 2399
889 4225
4599 4550
701 2154
630 4491
1334 683
2261 2482
2400 401
2873 4175
2219 1067
4433 2063
195 3511
412 957
2689 2939
851 2551
1815 786
3437 1532
356 1733
1461 2370
4973 4893
3411 1907
71 2486
106 1891
2521 841
1241 4641
4731 2311
2342 4499
4028 429
3581 4861
451 4316
4235 2871
4124 2333
659 587
2537 2369
3553 4743
4441 4877
3582 2239
302 907
2510 3191
793 135
319 1055
1646 531
1755 2286
3060 3661
1137 1385
383 662
301 1021
2623 659
4953 4625
4969 4505
2791 3387
2091 2547
3775 2826
2921 2236
73 1388
3906 3899
4189 3908
4425 1476
3441 3666
2384 2385
1547 223
1831 4368
2591 911
4976 4881
2150 2551
3806 2091
41 2625
3601 3263
712 2769
1466 1835
2391 1506
2084 2957
4870 2331
2393 3153
237 3770
2743 4095
925 3301
2961 3441
3567 2588
4316 3797
2885 3656
3799 735
3941 107
4162 2319
161 3865
4343 2518
3951 2551
1973 2327
1313 3887
3767 2535
3235 3231
2611 2496
2921 1290
4687 290
1531 931
4687 2802
3921 1446
2097 2590
2352 3177
292 1645
3147 115
1889 673
485 1491
380 1341
1576 4073
557 3343
2961 4558
3041 2313
359 1078
3361 84
4267 1807
2073 4629
3878 3487
4486 2619
2881 1097
1924 3885
271 1803
3890 2811
3585 1136
2452 1685
2546 4111
1251 2515
897 1778
2749 698
3915 4431
1031 931
3761 661
3513 2417
561 1221
1969 265
3507 3407
1208 3353
3632 1273
1537 3815
1376 4401
684 2997
1441 2728
3169 3733
3585 2741
3245 3741
3089 1519
623 2988
839 1214
1073 67
4546 4123
3749 2459
1249 3748
1966 3131
693 1037
4616 3081
4433 1187
4791 3731
648 457
2305 2521
330 2311
1651 3115
1754 2359
3981 3317
585 1061
4377 4490
1437 2363
2429 4590
1477 4989
2644 1677
402 4523
4165 786
558 2923
788 4645
1281 1489
2585 4931
4201 51
1689 4585
1661 4967
3371 4116
661 3221
2511 3150
1026 535
713 2095
3201 26
2185 2106
1023 3760
2341 1706
577 3849
538 3515
3323 4443
3416 1889
2873 365
3777 865
405 2011
1786 1091
4473 785
2041 1641
2317 1583
4685 3266
4027 4703
3139 2198
1189 2592
4807 2878
741 3533
4562 1167
3457 1249
3561 2441
567 3918
2546 4387
1289 157
743 3095
3318 3135
217 1737
1357 2423
4755 3631
3861 2607
273 3105
1801 26
121 1453
4402 3307
817 3890
3526 3151
2236 1181
3665 2961
3821 767
2637 3734
198 4159
1086 1495
3785 1961
2905 4441
2581 2766
425 301
2967 2087
4531 2966
956 4637
839 4230
1921 4525
363 2788
543 318
291 1588
3097 2015
1801 429
4715 4456
1894 535
4289 3717
4162 2179
306 2039
353 649
2545 631
2132 1829
273 2013
3811 3111
2661 3221
1415 471
1697 3395
2861 2916
532 325
3787 4380
4325 2451
4071 4835
4951 3776
4073 1965
4156 3453
4007 3435
2605 4536
4392 73
3092 4797
1752 4785
4960 4241
7 407
3665 3931
725 1901
2709 1287
4277 4757
4361 607
4916 2061
4453 3044
4597 2597
4577 890
4217 4889
4221 3515
2780 3341
3706 891
1317 4802
1287 490
1789 3717
509 4523
3739 2479
1506 2891
730 371
444 213
2993 3875
4425 4926
2143 2862
1321 2841
2936 553
4705 3186
501 2556
4719 4604
3181 906
805 2246
4144 4145
2005 4136
1971 3943
1656 1273
1592 273
1641 641
2750 251
1445 1791
1041 2871
4386 791
2292 2717
3546 639
1921 3421
4113 3233
195 1436
4625 3376
1945 2241
1791 3207
1739 435
121 809
2801 2041
1429 2167
204 2445
981 317
750 2251
4601 1061
1801 4459
611 3830
3881 765
3127 3795
2551 2551
4205 1716
801 2041
1185 3471
3117 2734
4113 329
1161 636
1913 4173
2637 275
3985 791
1171 1711
190 71
3879 4823
457 2313
481 583
4164 4149
823 2222
941 1349
115 1556
1081 1213
1021 106
3426 279
4766 1343
241 2893
4147 4674
3320 1361
4196 4373
1905 3811
4170 4211
3536 2049
2990 3771
3018 135
2497 4803
3018 4775
4143 3723
3001 31
2460 1821
3767 2739
73 3067
2476 1661
2155 1371
4051 2551
1625 751
1258 4287
2821 4514
1056 3641
2196 3821
2865 2866
4745 721
3906 2343
1422 4955
1689 3915
1333 645
1303 787
2121 1809
4486 2431
3217 77
4441 1461
534 2623
891 3859
1565 3821
4639 3142
4449 593
3017 4392
4430 1191
3514 1243
1473 3880
1846 4991
3237 4712
2162 2559
3991 4731
1501 3043
4073 169
4546 4547
4161 4661
3261 661
3549 2275
541 149
1181 4128
2900 1301
2723 3522
3445 1341
2886 3659
4251 2551
1658 4923
338 3183
4293 1014
361 3611
1149 3133
441 4846
841 2616
1625 501
389 229
3591 1547
2193 1932
1282 3203
169 2099
73 1753
3073 1673
1387 3255
705 2756
266 4099
13 79
1501 51
225 1801
351 3776
2101 51
1621 2535
1065 471
169 677
301 51
1231 472
35 36
778 1339
202 3535
1273 553
1857 2707
309 3653
379 307
2521 3824
685 1031
133 267
1587 1263
4031 4923
2395 886
313 2513
1401 3021
424 4929
2545 2161
1381 1431
449 3737
1297 2257
115 346
35 1191
4 13
1201 4021
1609 2804
3781 4175
106 3711
681 3155
1249 4949
3382 719
641 2821
1770 1331
517 1205
1009 3253
199 1792
149 514
573 4797
145 1306
826 651
526 3411
2036 1981
189 757
2185 3621
2857 4995
2113 4459
1076 1901
2945 3481
1321 4261
1457 797
743 403
1625 2126
681 3621
1743 319
113 3165
2386 2371
373 4477
2785 3681
2346 2183
201 1006
2656 4521
4013 2885
63 127
647 1000
3727 2164
871 260
3061 3661
551 3776
1613 3877
2194 4343
1122 1319
1939 927
183 4759
541 1493
55 56
1765 3541
248 3225
1045 2621
736 457
2965 4181
1289 2185
386 2703
339 3815
1217 3124
3521 3656
1541 2805
1293 3963
3037 4554
2107 3779
209 869
23 47
1729 2993
2577 3543
2091 4459
391 167
1123 2060
1151 3776
141 3949
807 35
1387 4128
96 481
370 3331
3112 4833
141 4871
981 3070
2761 441
68 4557
2092 1693
547 4223
2941 1461
385 3481
1921 261
243 2674
604 469
1181 3621
103 619
757 2253
68 4557
253 3037
901 51
646 4691
841 231
276 1901
1551 3776
961 4221
2543 4264
3193 2002
443 63
1601 4041
610 2691
4285 1381
2945 471
1629 274
2 3
2941 4110
589 3862
1013 4573
4003 2175
3313 3598
1378 2207
121 2421
2041 4395
3661 3322
1324 3413
1476 1901
1801 1046
3473 327
421 2631
199 3135
106 531
2543 2667
1569 1882
1177 2957
1145 191
2830 271
3187 2099
222 3775
1599 154
149 597
3301 3061
2500 2501
841 1775
1057 737
1222 327
889 2894
3954 4919
3187 2099
406 963
249 1993
2449 3165
87 3742
9 19
204 1429
911 1844
269 1077
518 699
3301 3061
1395 2196
2002 3059
1444 1317
485 336
81 406
726 1055
3411 1483
489 3913
257 1029
1135 2671
2433 713
2868 4949
749 2957
3877 990
875 1626
1477 3173
521 421
894 1987
313 4070
673 1537
2109 1707
2586 2231
1220 4661
341 1595
1726 3151
1427 3475
1331 579
463 559
919 624
1681 431
1231 1931
685 2331
856 3521
889 1337
173 2440
38 39
2666 4307
818 543
339 3815
2110 3071
321 1421
162 1135
121 2261
239 1674
703 3279
2161 3729
813 1383
721 2305
246 2055
71 498
1105 1521
2053 3909
2437 2355
209 3345
161 153
673 769
426 2243
373 4477
1441 2641
1222 215
30 871
2075 551
571 2131
1000 2001
313 2208
553 3273
861 2221
1405 581
2745 3721
2451 100
20 381
768 4985
1629 274
334 3007
217 1737
2575 4951
286 1431
361 4333
54 55
3836 4341
61 3661
1191 1686
1021 1261
617 2277
316 1637
3418 4007
872 1337
820 2221
1387 2382
2071 2131
235 1111
649 577
256 1281
1513 4469
3101 2263
337 2078
2041 2461
69 139
1145 4771
63 1954
1981 3861
2977 2897
1081 2431
316 2213
926 4263
1401 3021
780 1981
776 4057
3713 355
4279 252
169 1353
361 3611
3481 1899
559 63
1016 561
1509 2523
89 3917
2669 2775
141 4936
903 4867
1597 2075
1703 3339
2092 773
309 2164
326 4239
904 3985
2413 1869
33 1057
1756 3485
2680 961
1072 2537
67 202
826 2391
3088 4545
2420 4221
528 3977
1651 2551
443 63
2941 3523
2500 2501
40 41
1981 1317
2863 4603
253 940
628 725
2402 2699
1411 1318
2641 4307
45 91
589 3862
939 3147
2161 2246
3246 1515
697 3365
49 393
54 55
86 431
2125 1501
2147 4527
1799 1539
3081 2537
785 3466
106 743
1432 3665
1837 2459
353 533
1201 2061
703 3279
29 813
1749 1463
301 1021
3349 847
1174 4875
961 1129
351 4571
2899 3355
1161 1441
7 22
1453 899
1045 3811
202 607
1765 4131
1549 1608
793 3549
177 1948
1654 4279
946 4599
1591 2731
115 4371
865 3356
277 3325
2347 4799
2471 616
3016 721
781 4373
1401 4036
1999 2947
31 187
921 1184
2101 1061
385 4241
385 4621
1205 3741
1135 431
25 26
1985 2041
3265 2021
2011 331
1153 1897
701 4536
2256 2497
2969 2358
2667 355
162 1135
613 1264
126 631
222 2887
391 84
601 26
1485 1581
671 1711
518 4347
175 526
645 3061
837 1807
3418 4007
1422 1239
221 885
2993 1693
92 1197
25 151
2497 2384
1106 1891
24 25
145 1306
650 3351
14 183
1961 1090
4155 2611
799 1780
2721 29
2237 1192
1625 4251
1716 61
2641 3461
36 181
859 3502
1225 2476
577 1925
241 2411
4217 1757
900 2901
206 1031
2641 1205
876 1901
321 1606
1939 927
1891 1058
1141 4231
897 2409
2497 4809
1156 461
2509 3014
4291 3916
4131 4171
19 39
988 1437
967 615
226 3391
47 1082
749 2734
501 51
1565 1421
551 511
851 3935
2591 868
1341 1821
241 2411
991 2839
204 1429
1717 1662
3969 1079
3011 771
157 1885
3128 785
661 2933
1117 4628
3865 1441
243 2674
2929 3670
126 3151
2269 2527
169 2029
1293 4568
262 2359
1177 2957
1114 4043
2136 297
31 311
937 4363
223 3252
136 409
261 221
1506 2711
2171 4603
3101 2263
1036 1485
1761 441
3151 3514
393 503
3249 3443
1401 26
2696 2105
944 1713
2257 1080
690 1571
1681 431
526 3151
61 1221
235 1111
17 35
1569 3933
817 3890
3727 2164
1243 768
388 3493
1162 1375
376 4401
481 4241
3301 2867
351 1756
496 1369
961 2661
1288 233
991 4866
2377 1883
1231 1931
105 421
1057 4882
119 239
9 19
211 1056
155 2171
646 4691
3659 882
1611 2054
970 291
507 578
73 293
471 2138
590 3291
1905 1681
256 1281
281 1125
97 389
1148 2477
221 2156
841 1775
330 2311
631 4466
2729 77
4161 1305
153 1225
1750 2751
970 291
2409 3588
2073 1089
3186 1115
2647 2939
281 1968
833 830
977 4598
2419 4342
321 1606
571 2548
118 355
571 2548
931 3862
323 4859
64 577
3585 761
386 4247
157 1124
75 2776
353 649
2801 2041
33 265
1055 411
111 1106
22 155
2611 2496
2022 35
2929 3670
1084 597
1189 2104
2089 205
452 4973
865 2681
690 3971
1611 2771
9 73
1177 4435
211 3863
239 3347
76 381
201 1609
3011 771
3783 764
113 1809
1366 2811
226 3391
121 2421
736 457
2289 4029
131 3516
121 2261
466 1991
3451 3120
339 3815
175 1051
181 725
331 3206
872 1337
2806 4331
3356 4717
1740 4381
886 3291
13 79
3101 2263
191 2259
183 4759
497 408
885 3011
897 233
2053 863
55 991
385 4241
79 238
1783 2679
477 1219
1240 1041
1105 1246
178 503
113 3165
716 1541
61 916
990 2771
2547 650
4411 3771
2241 497
87 175
3741 4389
265 3746
694 2635
911 2755
621 4252
2401 1041
3186 2091
3783 4547
1496 2241
1108 4917
441 4411
501 21
141 1975
91 4096
4013 1768
951 2551
3466 3359
1030 471
43 904
49 2353
33 133
551 3776
742 4647
209 869
40 1561
208 4785
1132 2829
639 3532
639 2063
859 1695
306 1531
847 4810
47 1082
1453 3933
1387 772
508 1605
100 901
1045 3811
1882 2107
330 2311
913 4695
397 1203
55 2971
1559 3920
2485 4461
1021 1261
1501 2526
24 25
319 1908
3403 4390
2941 4110
316 4221
1471 1783
2551 2551
101 506
1611 2054
481 4431
64 65
485 336
111 1222
1567 444
1121 4236
1981 747
1289 2185
2941 3523
2761 510
766 3023
1251 2551
2554 1227
474 383
2071 3196
1561 1173
553 3158
1716 61
3466 3359
3552 2985
783 1019
1691 4916
316 4221
577 3465
2243 235
883 895
3101 2263
547 1334
253 627
193 2353
1084 597
1749 455
4217 1757
253 314
913 2348
1126 671
2495 4711
2227 3032
253 4109
1431 2207
4033 4080
133 853
651 2316
2705 661
349 2095
4225 401
2545 2161
1054 1107
251 1256
471 4711
67 403
1207 870
469 3443
2347 1944
2905 2821
1327 4503
595 3091
2863 1740
365 2556
609 1572
807 35
1151 3776
12 133
1321 1421
2179 1908
1651 1276
441 2641
1678 443
1089 4053
2977 4575
589 1493
48 49
163 490
419 923
166 2491
568 785
703 4140
817 3890
2161 2797
1103 1915
1171 131
3711 1684
2461 902
3201 4865
1179 4803
175 151
541 411
6 7
2593 23
757 3627
2861 885
433 589
2209 2422
305 2441
265 831
2926 1671
298 4835
2502 2583
529 393
3641 3897
2297 4178
55 496
1301 4566
2531 1427
3658 2403
820 1981
50 351
1977 127
125 501
1317 1877
3619 2474
41 206
1025 1401
137 4317
20 381
3418 4007
2395 886
417 3337
169 1184
2449 2553
1162 1375
473 2908
1004 2069
291 3440
281 4836
274 1919
1036 1621
799 182
673 4134
124 85
1821 3736
721 816
577 1925
993 784
101 203
397 4765
1513 2365
231 314
3417 3438
55 991
3193 2002
3051 1112
3039 3419
397 4293
1197 63
1145 4541
441 4852
601 1061
3022 2255
2577 4313
109 982
154 2619
925 526
178 535
841 1775
856 1265
111 2443
436 2645
261 2611
3961 2661
508 1605
1343 1924
31 32
1601 4041
449 145
190 1971
1537 3777
155 3411
145 2321
2633 2449
2509 3014
442 4283
185 4256
1841 4687
3217 4417
100 1101
701 4021
217 209
553 3158
46 2071
781 3431
20 381
127 2668
151 907
1149 2173
271 2711
967 3539
478 4303
73 147
541 411
337 4437
1453 899
749 933
2177 3037
1132 2829
859 2335
415 4546
651 1276
621 1211
3777 2844
778 1339
1381 2621
273 4642
526 3411
628 797
1243 3562
417 1685
372 2605
545 3721
1457 765
69 2347
1453 899
1045 3811
52 53
1321 2841
625 2501
393 503
625 2501
343 1175
288 2017
716 1541
769 3457
2279 2487
351 3776
225 2601
561 611
2401 1041
375 2751
3851 1806
901 51
127 763
106 1591
573 2607
595 4271
101 405
1588 4573
1549 1608
1444 1317
271 2318
331 4931
76 1141
2304 2897
989 1429
1026 2067
1331 3171
85 2381
307 527
505 4091
53 2757
1665 3281
2881 3289
685 3221
681 3155
1177 2957
553 2720
855 2156
44 45
115 4371
1324 749
375 3251
741 4821
2171 4603
221 2432
1444 3429
89 713
1565 1421
47 2163
1296 2953
1928 617
2017 2072
1177 3249
33 529
1089 3514
2201 3041
661 4916
859 2335
169 3550
694 2635
276 1901
379 234
685 1031
4693 4125
1585 1081
1009 1325
246 2055
701 51
1324 3413
518 699
577 2697
2211 175
19 343
4210 491
336 2513
231 627
135 271
3721 3261
2022 1947
1877 2557
307 220
705 511
919 1247
573 1304
276 1381
457 3657
2346 2111
71 711
2161 2797
697 427
331 4966
156 4837
457 485
621 3503
937 1867
1951 1816
1857 3849
4033 4080
967 308
372 4717
1909 1178
2010 2411
496 2281
1157 4339
217 2605
575 3576
441 3821
2633 3752
2269 1685
742 4647
573 4899
85 1021
91 456
1297 39
409 2813
1156 4277
193 3089
1401 4229
249 1993
388 3493
2689 2097
1105 3041
3083 1819
491 4060
386 1231
86 1463
841 323
2347 4698
249 997
316 4741
401 51
2047 2552
2806 4331
2641 3461
2857 4995
1567 4619
610 2691
225 901
3499 448
2633 2449
1248 3665
4348 13
1783 2679
1693 949
296 2465
2047 3458
769 4229
392 1665
1821 4693
1072 2537
579 4687
261 221
1561 1173
1057 3255
2068 4605
407 699
1401 4036
433 2795
1129 2097
3851 4571
1513 320
1646 2363
116 2669
2581 4861
1665 3281
93 4279
3075 2976
1681 861
1849 1018
511 2375
281 621
1366 2811
89 179
1190 4511
1973 4435
409 2455
1288 233
505 3281
1431 2207
391 866
862 3103
1407 3467
2211 175
865 1141
2689 2097
2081 1593
196 2645
1795 2571
469 1098
1621 2261
3841 461
109 655
2227 3535
2197 4018
1345 2661
1520 2121
2625 3001
2715 4891
871 3066
2049 569
1101 3445
1887 1803
4088 4369
113 1809
1132 4149
601 4425
141 4871
1555 2536
601 3031
1821 3366
531 311
2401 4061
30 31
537 4297
1123 2274
4555 631
647 4587
545 2061
2833 2148
491 2186
571 3566
1846 687
2861 966
77 309
664 897
79 159
1409 999
2452 437
2066 2311
2692 4989
1089 2425
529 2697
3469 893
3291 4678
58 59
1431 1483
451 4060
245 981
51 256
166 499
495 4406
137 1097
829 4845
4161 1305
2245 1331
1973 4435
1459 4394
1358 1235
1117 4628
1483 4532
1301 4566
568 785
141 1411
637 3762
253 3037
1569 1882
625 1
2278 2183
715 2156
1596 1285
2451 100
355 2131
586 3791
1535 566
372 2605
1891 1058
378 963
491 4371
2471 616
781 3431
267 147
2806 4331
2167 2347
833 1657
139 279
401 3209
280 3681
2794 1907
106 319
1678 2155
1045 306
2598 2695
645 4031
3771 3719
261 3394
378 4915
1299 1642
931 3862
2311 1264
1873 3048
351 4915
1404 2293
559 32
113 227
2295 2291
58 175
274 755
2089 1163
1475 2451
2915 731
2395 591
2036 333
501 21
573 2450
181 3146
197 4654
661 1356
2701 855
1601 4041
4551 3571
2721 29
1825 4351
815 156
1729 3367
826 2391
661 4085
612 2957
953 3343
1915 3196
796 1941
3571 2122
117 1787
3601 1061
2915 731
2509 343
1729 3367
267 147
1299 1642
631 3835
2022 1947
817 4805
1513 1703
523 168
283 1699
60 61
1741 979
1255 2691
1969 4513
1006 2403
913 3825
38 39
201 805
505 4546
344 2409
902 2807
757 2692
199 4379
2243 2338
705 511
133 4390
3333 3318
3711 1684
433 3898
1783 3142
199 3135
613 1035
66 4291
1145 4541
1345 321
231 627
441 4405
1702 955
13 157
451 296
452 4973
1825 2601
1306 2875
3431 3120
3356 4581
1837 4199
377 2720
3393 2153
1293 4568
1345 2661
511 3688
41 329
3081 671
457 3657
4356 1853
466 1991
441 4703
343 3088
1444 3429
901 4061
584 1425
213 853
2091 6
2563 1344
37 112
1803 560
1961 2271
273 2185
847 4810
1009 1325
2689 2097
591 4870
641 1025
1378 279
703 2418
606 3331
2551 102
1324 2805
64 4033
1381 3527
958 1615
3181 861
673 3845
529 820
2206 4271
141 1975
301 2526
881 2621
436 2645
2241 1871
385 4241
1599 4367
375 3251
1740 1781
53 54
921 1184
491 4911
326 1631
1721 4004
88 2553
260 1821
343 1175
1613 3877
514 4299
780 1981
606 1667
2531 1427
341 1706
869 4333
1345 3041
517 2232
46 2071
2338 859
407 1804
56 57
442 3979
799 363
755 4816
556 573
105 2731
321 2569
671 1711
193 580
3136 3753
3865 1686
2704 2905
709 3509
1711 1996
727 2998
1381 2861
1552 2945
421 4736
277 4114
584 1425
2647 1762
469 629
4027 648
235 3056
729 3955
2685 3141
1201 26
351 2551
769 4609
1073 2169
2861 3773
757 2692
266 1331
1123 4119
141 1411
2495 4711
2269 2527
672 993
14 15
2147 4527
5 21
1933 3378
2908 3309
69 4693
129 2065
71 72
56 617
2492 2077
161 3221
1151 2551
88 265
661 4085
176 4401
49 589
181 2716
495 2871
61 3661
1063 2718
3529 2328
919 4814
2597 3224
379 2960
2913 3129
771 1963
1266 4631
689 4628
2289 4029
112 4145
1303 787
897 4353
2341 4277
641 513
3969 4017
1771 3131
2241 4641
64 65
2395 886
241 785
523 4708
865 571
196 981
3291 4678
1255 1536
505 4041
46 691
801 2041
1646 2611
153 815
477 3357
617 1788
49 50
833 3313
671 1711
65 2081
1177 913
54 2863
127 763
2113 4459
834 867
1396 2821
817 2779
817 4609
2945 3481
1351 531
721 1537
63 127
881 4097
253 940
331 3206
1277 2034
705 511
193 3089
3535 1496
401 26
881 3456
330 2311
1275 3151
2110 3071
697 427
511 3688
3083 1819
677 3802
3217 540
1961 4817
537 980
331 1847
196 2645
1128 945
4291 3916
1856 3369
3673 3343
1629 1677
2212 3205
131 1704
1354 4683
1431 3016
2586 2231
1436 261
1065 4821
521 1774
977 633
871 260
190 1331
2806 4331
2089 1163
358 1087
37 149
289 4625
2452 437
793 4893
701 51
4693 3818
3235 3511
67 1475
1761 441
1486 123
386 1231
1179 4803
577 3849
39 1483
4621 3471
4901 3071
1709 2853
265 831
1123 2060
1996 3773
1409 89
2951 2551
2215 816
236 1093
477 3340
2821 4261
2497 4845
817 4609
235 3056
3251 1316
193 1159
2901 3259
659 974
43 87
379 3412
1633 4193
1458 199
3025 3351
397 2383
3600 2401
127 335
1321 4261
1404 645
1101 4223
53 107
361 4333
862 343
783 3010
818 543
806 3539
337 2078
217 2605
393 2752
3592 4745
1657 4769
1801 1046
2366 1739
346 2959
3301 3061
239 4064
2465 3461
672 2393
1756 4141
326 1191
1625 1001
2347 4799
141 706
2209 1615
71 995
181 2716
829 4068
1803 1303
111 1222
256 3841
1697 4305
313 2505
2395 1011
1540 1581
344 1857
1711 1331
1441 1877
1805 4006
1693 949
373 4477
505 4546
435 1091
2794 4259
175 526
95 4466
1301 1021
951 1139
821 1421
307 1843
561 4489
1345 1081
1450 51
469 3292
183 2380
57 115
1387 1543
1145 381
127 382
451 4511
799 363
541 4739
1599 154
685 1031
1122 1319
3381 4766
1756 4021
99 694
2500 2501
47 2163
817 4805
505 1061
52 2653
52 157
217 3907
43 259
861 2221
185 1481
604 469
123 247
1121 873
1369 4285
1787 2907
153 2908
561 709
3305 81
1117 4255
1301 4566
4031 2016
1321 2841
2476 1181
1409 1997
973 29
400 3401
477 3110
1849 2035
1585 1081
1381 290
897 3705
2452 4765
97 195
358 2507
1226 2911
897 117
703 2418
1837 4600
169 2099
1013 3300
3478 3247
129 4129
210 2311
741 4821
3511 4595
26 131
281 621
1481 4798
121 3631
59 60
4217 1757
173 2440
881 3456
409 2813
161 645
