5000
2363 4267
2059 3335
2178 4147
4335 4056
4076 2101
4937 3427
4301 4426
697 3393
2013 3749
1051 3296
1679 4958
2099 3147
4458 1179
2213 3164
2172 1517
2717 4332
2446 1879
1961 3963
3217 4169
2905 1161
855 931
93 2772
3389 295
3601 2291
758 1027
4894 863
3201 3301
3509 4648
959 3034
1753 4997
2677 3135
2501 1151
4711 2791
3521 1844
3873 4713
2028 4789
3184 4945
2117 1725
4151 606
4926 2475
4991 1314
4411 2056
1067 2967
4251 4791
3647 824
4785 521
2621 4972
3338 3415
4411 2115
2641 2625
1771 4891
4873 4249
2528 3745
2439 2370
2626 4983
4319 264
651 426
4536 2977
3076 181
1673 2177
2524 3973
2141 2346
232 3569
385 781
1017 593
1381 2616
4273 34
2257 449
1441 2496
1414 2255
951 311
2201 2701
2745 341
165 1341
4921 3775
4355 2646
2805 1981
2590 1531
3245 661
3221 4511
4521 2166
2462 1503
4801 1281
1392 3913
2251 2751
2297 2688
3215 4746
4865 1321
3561 1712
831 655
1281 3041
737 2249
3149 2287
4141 565
3941 61
3793 1177
3284 4269
3545 581
1664 2905
1384 1497
4369 715
4767 2688
4161 3625
2801 3601
758 3539
701 2467
4701 3453
4889 1477
356 4133
1360 2561
2839 2980
3149 2895
3686 1943
1455 3711
2691 1194
4764 2045
4500 3501
4521 887
1396 3573
1769 3869
4025 526
3523 1655
1725 3701
201 1456
2085 2231
976 201
3313 1855
3795 1846
257 2954
1689 765
2598 235
2153 3513
2881 3891
1169 2453
4474 79
2111 323
4401 4977
91 4411
1910 1031
4911 1687
3251 4051
457 4769
522 4127
717 874
2119 2192
4793 527
1345 2821
3553 1469
4401 2361
3325 3951
1255 4911
3823 2594
4745 4121
2853 2312
1742 1875
1229 1487
4633 3955
2879 1654
2939 4598
2763 3227
421 1181
3493 4453
2100 1301
4101 4696
4423 2655
205 141
1411 2130
4331 1371
2954 1715
2821 3463
2007 2199
3055 2531
126 1411
4958 4123
1921 4225
803 2592
3696 929
4985 4106
905 1641
4476 141
4679 1627
3076 1181
4983 4863
3474 1167
1633 25
4197 2453
2677 2242
3669 1285
3828 2413
507 1147
3991 256
227 943
2681 4681
1459 2164
929 3343
3588 4293
1229 109
4517 3415
335 4136
1269 1454
1256 3441
2241 1261
3206 2211
1821 917
3071 2056
92 1437
1957 1518
3621 3556
36 3493
1905 1396
427 2547
363 3015
3801 4052
1981 1011
2117 4067
1493 3112
2921 3735
2200 4801
4997 4405
2336 2281
4285 1246
1705 2581
1074 2287
2633 3417
3801 3401
1219 3370
729 1837
1801 3851
2067 604
3876 4981
4677 1565
1561 4561
4511 806
2993 1978
3911 2
2909 3563
3239 1903
4821 3111
4651 551
2133 335
860 4141
2501 3771
4601 3801
473 4505
686 3363
4704 2873
696 993
1545 4296
4909 2423
4081 129
4255 1411
891 2115
1501 95
3728 3297
3483 750
4761 3077
2857 4905
3425 2201
3898 2403
3332 4413
913 3335
1221 1141
1501 701
257 329
3785 1761
809 2825
984 2673
581 502
913 1415
2945 991
2100 2901
67 1723
3226 4071
3665 1081
3511 3720
3789 2180
4953 4227
933 2133
3239 2318
3995 4411
3753 4030
81 161
1458 3619
2251 2347
1141 3829
4721 3057
681 4113
4361 941
4177 2185
2101 741
1049 2800
4281 993
2643 1218
2701 4830
96 4841
1897 4449
3301 3699
1573 708
4268 2165
877 973
81 2969
2067 2099
4289 625
3713 3284
465 4921
4205 4461
3545 3041
494 3299
2001 3936
2221 616
4581 1346
4609 2473
4502 2207
3329 4317
890 871
1814 923
1555 206
4893 739
231 4070
963 483
4017 4202
2115 891
995 1791
3839 2875
17 3897
3278 2459
421 1741
4093 510
2961 2666
415 71
2897 857
456 2513
1793 1180
2641 2321
3521 4406
255 546
1575 2651
983 1787
2626 31
929 4927
2089 2145
3117 178
2491 2830
523 1434
761 4391
1429 543
2145 2711
2935 2791
4999 4583
4565 1541
3047 4808
2593 4153
4758 4203
4430 1611
886 4175
545 3481
225 1801
2549 1437
3064 9
1775 3426
4825 801
1402 3115
1286 2291
2158 2675
73 2809
3514 567
1121 4711
3823 3255
669 444
4601 2673
1481 2519
4271 1788
4555 666
1943 1072
763 200
1501 2981
1913 1957
1771 4466
683 455
1961 2011
4821 3941
1997 2050
4985 4291
3509 3179
4766 1811
219 1835
3360 4241
2761 469
1701 2051
1849 537
4441 1611
3121 3341
171 2299
71 470
2637 1560
143 1523
4673 4033
2401 3201
4375 3751
1873 2589
4202 2747
4176 2041
2281 2959
469 875
4777 4384
2817 4929
3021 4116
3641 4597
2985 3241
3687 4159
2511 2416
2973 3175
1911 2319
3721 972
3443 283
1711 3858
4809 4565
3099 4164
4232 4673
41 2619
997 1947
2395 3611
1468 3229
1849 2279
1257 4389
4391 3064
2699 4059
1273 4497
3249 3289
1251 1498
2137 189
3401 2696
1731 506
925 3076
2426 1191
3876 1901
2533 1805
2873 2285
2969 713
773 3605
4146 31
773 3388
4277 4564
3012 485
4739 4043
4188 2669
4195 3246
2492 1877
2453 2758
1633 3453
99 582
4748 3149
2685 4836
1821 4679
4706 1579
3665 3071
935 1696
458 2315
1085 3381
4131 2511
901 3036
905 1016
2162 3663
4641 1617
157 613
2935 631
1688 2825
70 3091
706 191
4211 1795
3785 4646
871 3692
385 1981
823 2234
2601 2351
1122 1283
2423 4202
3421 4381
4889 1849
2813 2675
4219 3527
4063 1099
3011 3716
3846 3891
2277 4443
4673 3544
1679 42
69 2383
3550 1051
4976 265
4993 3917
2071 146
2965 116
695 4631
3573 4204
111 4136
3461 3021
2648 3825
1042 375
4425 1701
941 1253
1733 1109
602 283
252 4869
1001 3796
4974 1643
4161 3632
2976 457
858 1375
1135 4986
1801 2081
205 2046
511 4963
653 165
2493 1652
4991 4706
1597 2725
3306 3131
2965 2936
2951 4916
1081 4973
1113 1897
4397 4575
3699 239
2905 3606
4271 2059
3735 1106
4684 4053
2627 3260
173 2259
2226 3427
3521 3325
4149 2432
2491 1622
236 4541
4401 3561
4177 4489
3096 3241
1976 369
1961 1361
2350 4851
633 4345
821 1791
3858 3815
3033 3329
4457 409
4010 591
2072 3089
2837 2727
351 4726
4313 4783
2268 3805
1557 219
3421 197
4863 610
4581 1381
4976 3193
1161 216
3687 2474
1345 3881
4401 2649
3289 9
2994 4843
4485 4371
4654 4603
4905 1946
4267 694
4452 2349
432 857
2961 2729
4601 3551
1782 275
967 4340
4819 4640
4341 1814
4285 4366
2490 371
1729 2927
1305 3821
3201 2683
1737 3877
1386 4703
201 3837
3889 4847
2641 557
3289 968
520 81
3005 4371
281 2358
2851 1818
2954 163
2137 3097
4708 445
3765 2981
717 4790
585 2321
2177 3845
3999 1603
2982 3139
3684 4693
2676 2901
4121 1097
261 1346
1551 4752
1753 4125
3065 891
4971 2994
2226 4311
1337 4593
2916 4061
4247 4290
1995 3836
1497 385
3299 4922
760 1521
394 4899
2821 3091
3141 2677
3076 901
321 1056
3325 2651
1841 917
2393 4825
285 3421
2181 3367
2002 3055
2871 1008
3001 2876
4353 825
2320 2881
1771 1075
3621 2746
4689 1485
3889 4897
1113 1725
295 591
2305 3811
2417 1505
4706 371
211 1456
3943 4438
841 2484
2203 3688
409 605
2081 4137
747 327
349 1903
2255 4796
3295 3156
3769 2725
796 109
617 3529
3616 3121
3893 4262
2711 4683
3226 4851
1141 1563
295 2346
3561 2921
3362 803
365 3036
3201 4721
4857 2607
1657 4347
4185 3881
1584 4873
1122 783
746 4991
4193 4509
2869 4277
1473 870
2707 1799
3860 3341
4079 1484
4201 705
2604 3437
2353 593
1888 1017
3312 3993
3861 3431
801 2581
1990 1731
743 4475
2922 299
4926 51
564 2413
3966 3231
2755 3996
4419 2907
4751 459
1265 531
561 4193
3469 2123
649 705
1374 1215
4933 4068
2161 3161
369 2505
4088 2225
889 4869
2073 839
4571 4540
1851 1983
3649 389
361 2240
969 3629
771 816
3372 4677
2865 56
1701 941
3605 4631
4113 2643
1262 4635
3857 1694
2153 4905
1307 835
3528 2337
3433 4075
3236 4181
3411 2524
2885 2456
527 4900
4217 2515
2381 874
9 2289
2376 2201
1583 827
4958 287
2126 1051
3327 3274
540 4421
127 1963
4451 511
74 4015
1134 39
2439 3995
2059 3824
3311 4694
1761 1481
1981 2395
2585 2281
4709 1229
2813 1920
1861 2736
2733 1253
1545 1411
4248 2873
2504 1353
3425 3901
2419 3575
3405 2486
4251 1126
1721 3606
1551 4334
3789 102
1306 3419
389 1444
3876 4061
2599 307
4311 431
2078 4615
33 2009
4237 789
247 4919
2496 4241
1164 1925
4745 1561
1612 4613
3147 2858
3281 389
2117 2375
1972 3645
4526 4051
2893 3669
1061 1738
2406 1971
2968 353
4995 1991
260 1821
1089 3225
1649 623
4232 4937
197 3163
3145 3681
1985 2341
4636 285
4337 335
2694 4539
2292 2733
2177 169
3093 725
3793 3715
1425 4801
3070 2211
1107 1792
1241 937
746 643
3331 3516
636 3221
1658 2003
4681 677
146 2471
3213 3973
4293 4784
3501 3539
717 2087
417 719
3037 70
730 711
2339 1063
4935 1431
1609 1577
945 2886
1041 823
2553 3489
4081 2941
3490 4891
1731 2947
1401 101
2377 3673
3001 4231
1585 4721
2771 4346
2112 3689
4801 1291
1884 1997
1131 3791
4926 1551
2133 4949
13 2378
2449 2895
2581 2875
3217 3193
4297 3245
2395 2211
4026 3191
659 1870
2139 4183
795 2111
3981 4565
3143 1364
3001 1201
1961 4923
2857 3005
2691 4046
4103 3692
400 1801
4088 1353
646 3691
2489 4377
4321 4756
217 1763
4936 1489
1810 791
1001 2601
826 451
3075 1551
4996 765
2744 1153
690 3271
2461 2596
2635 156
4701 1032
2025 2851
3369 2284
36 2061
2688 4153
3115 1911
4157 1269
1719 4930
784 1249
601 3627
1799 4319
1777 1687
263 2458
353 1933
4761 1075
2461 2365
3313 1764
4257 1087
4652 1845
1345 1261
3897 4067
3890 4731
312 1609
3303 4583
4785 1571
4409 3718
764 885
2631 1771
1389 4795
3027 4755
1509 2749
4233 1088
2051 2311
2353 533
1467 3762
293 4613
3981 117
3796 3381
2459 90
2135 2731
1015 991
898 159
997 2855
2149 2103
145 61
3575 4826
4858 583
2226 2151
1001 3563
1961 4161
3333 2205
3403 3403
13 1834
4731 3484
3286 1431
514 4119
557 3815
3969 3085
593 4085
4091 4454
4755 1791
1597 93
1011 211
1009 1497
905 4241
4366 4871
3873 3105
4311 3116
3921 3253
2668 1005
3667 3150
4849 4329
2317 1869
4601 2185
4676 301
3882 4875
2327 198
195 3316
4231 514
1481 3218
1578 727
1536 3369
1505 4021
481 4504
787 1420
4475 1551
3538 2147
4338 1903
1421 4515
3801 1214
3227 4863
95 2831
3519 4782
1533 1965
1699 1715
2001 601
4497 837
2987 762
1757 4378
1133 3283
493 2117
361 429
3183 3147
484 4165
909 1123
201 201
2491 4002
4396 1861
4369 1283
2401 1821
1854 4207
2154 2827
2663 2758
1381 971
2881 4496
1561 4663
2105 2366
761 1217
501 2661
4417 1909
4537 2777
2187 4482
39 4992
4775 1326
4200 1401
201 2276
1769 1323
440 841
1367 103
4032 2065
1259 4334
2969 3749
4001 1071
3271 4331
898 4083
4770 311
1217 2177
4777 4107
2741 3544
736 161
769 140
1771 2247
2967 1959
4383 823
4037 1397
2700 4101
2283 532
953 2313
2405 686
1598 563
1651 4755
3103 1483
3526 7
523 4395
1347 2859
1369 813
2273 3445
3493 2283
4201 441
4241 4796
3975 3651
1613 4983
3958 3599
2031 3216
751 3702
1255 3786
1599 3570
328 3465
3621 3021
1061 4581
692 3949
1912 3177
3574 1795
251 3251
279 3048
2929 2057
488 2249
1851 4871
2337 2893
1521 3441
4621 2216
2309 3429
526 2567
2991 2604
3719 4164
357 4760
4890 4031
3521 4706
1241 592
2392 3089
903 3819
401 1696
3551 1240
515 4271
3771 4883
3353 1065
4866 1691
4376 1
1176 2481
24 3609
3875 751
4734 1495
546 831
3996 3349
1341 4867
1217 899
2788 1557
4801 1732
1964 4853
4129 1793
1541 206
2855 2646
585 3321
3984 233
49 942
4541 1685
2455 3811
3015 4956
2058 4087
1238 1847
1532 1389
1026 999
2775 4951
1257 1529
3926 2851
660 1661
1941 4731
4193 1369
46 307
88 2073
2561 1361
2079 1815
2813 1492
2951 803
2681 447
2464 4009
1321 1611
3649 2489
2386 4655
3796 2181
673 3193
2711 1050
4315 3256
4561 4181
580 2061
4769 1150
758 319
122 255
111 647
1369 4377
2033 2304
517 3747
4201 4646
1398 4999
3595 186
549 2269
2489 3657
3207 439
1829 4143
2019 438
804 3949
553 4429
2083 4575
4479 2147
3049 3594
4413 1815
3901 3246
4259 2735
771 1716
1918 1523
3965 2981
140 981
1333 4072
161 1611
2781 2391
821 4533
1610 1431
697 1602
1736 1041
3007 3718
2001 945
4906 1971
3917 3397
2347 1227
2471 211
2114 3219
695 1786
521 3817
4146 4499
2184 353
717 2135
1636 141
2801 2801
2874 883
2575 4226
3761 121
1956 2221
2385 4211
1611 1211
2773 1534
1899 1502
1856 3321
677 3407
1011 3387
1965 1036
2666 131
4618 4963
1677 1358
489 1665
4573 2820
2059 3899
2503 4114
2442 179
3266 4211
721 3172
1855 4191
1826 3031
4602 1659
2991 1911
3381 1989
4642 3227
379 1894
3996 3581
1873 239
4739 2044
2329 4473
2099 747
376 3001
2211 1296
4068 4405
754 4047
3131 466
1882 1683
3853 1598
962 4363
1419 2983
2424 3009
945 4356
49 2579
2327 1328
1771 3050
4449 4889
2816 4265
3226 2451
1464 4185
177 1153
166 3183
81 1257
1761 4846
4533 4859
2946 4291
106 1571
2743 3939
609 3569
2641 625
294 2907
3085 806
1206 4931
4339 1552
291 4054
2503 1960
2037 1255
2521 2441
4014 4895
4860 4581
1859 4302
1640 3121
2913 2109
2541 1691
3627 4640
2123 1747
3855 2906
3801 4954
4024 2625
4103 1282
4871 2258
4506 2735
2121 4065
1976 2881
4241 4573
4312 3713
3649 2833
3251 1471
341 4717
1153 2743
3383 3503
417 3133
4001 701
4971 4884
4025 1201
679 503
2849 1989
4055 2291
801 4905
3289 3953
2129 3892
3629 4797
771 4291
2281 1881
1861 3093
2701 576
2844 4949
4843 3480
3041 3586
3436 2781
3477 884
870 4231
1002 4155
4201 3265
1966 1311
4603 2132
3001 3507
2231 466
464 2977
561 4145
4986 1983
4963 2627
2647 4570
1566 1191
3537 929
4095 756
4159 215
3149 548
4333 4627
281 4886
4216 1753
3552 2697
3553 2613
3841 4861
4401 1901
3313 3953
881 3547
3351 4276
3579 1863
659 3327
4101 3101
2623 4788
2876 861
3049 1165
3413 3203
4601 201
1411 1659
2913 937
2997 1277
3981 1554
1404 2597
3381 3766
4654 2059
3401 4547
3985 3321
675 1526
3746 3171
3164 4949
301 207
1157 4730
261 2227
4381 2860
3981 3791
4006 2835
2460 4741
1226 651
535 1211
1781 2077
3103 3690
667 2994
2283 4844
1473 3988
2300 1101
2793 753
4151 3063
2857 1675
1896 3521
4943 1619
4975 2151
4098 2427
3289 2089
163 3087
4425 1601
3905 2361
4817 2625
2201 1049
1317 22
426 4955
1641 1716
1049 382
4076 4653
2194 435
2789 1274
1851 3591
2745 4241
961 1929
4572 1589
2321 488
3237 2175
2635 4831
2514 1019
4401 4701
610 131
2737 3405
4773 2432
2013 4229
2473 1538
1411 4356
421 4916
1566 4855
1694 415
1985 4191
2413 4392
3621 3605
3205 1061
709 1919
1376 2881
228 4805
75 4576
4605 581
2077 4267
4505 3341
543 2343
4674 4875
959 1055
313 1113
2585 4341
865 4561
4344 697
1410 2091
1846 2075
2862 1579
2381 1271
3001 1125
1286 2943
971 1239
2252 1269
1049 2813
2929 3833
2989 3460
3936 4593
2466 3303
3677 1215
1295 2246
3081 3665
1935 836
3631 4031
416 4521
3365 1031
3264 105
3882 955
2449 2289
4886 2771
798 4467
3013 3117
467 4387
2057 1514
117 2834
1923 324
4077 1843
3201 869
3940 3421
427 922
1144 4185
4175 4926
4430 1491
4001 1001
1307 255
4513 745
4441 4329
6 2607
3801 4601
1111 4246
4351 3708
611 3820
2754 2647
3489 2537
4701 651
3965 4196
4616 745
3348 813
4733 214
1707 4759
2784 3513
511 2186
681 81
61 2421
331 3415
1627 544
4313 975
4847 3852
4214 87
2983 2375
3105 2041
3209 145
4499 3535
3861 3655
3614 2455
4383 4863
1240 1881
2451 1211
433 3255
3873 1212
436 2861
486 3587
3401 4886
1441 1381
1665 2856
1101 340
1215 3936
3071 2420
2789 4143
519 62
1575 3226
743 678
621 4061
3353 609
2050 2951
885 181
74 1255
4884 2069
1529 8
277 4535
2601 4676
307 183
3593 2983
1641 1795
2961 2386
1753 4820
389 1752
661 47
2866 4235
4167 2119
1670 1371
162 4399
3273 2858
753 1944
1989 352
1501 1541
159 2167
3478 659
995 4846
2643 3810
2741 1111
2291 366
1211 2571
4649 3415
4360 721
1191 750
565 1511
1461 2541
4475 4776
4945 2721
3141 4589
2391 442
1496 4489
3225 2851
2001 3001
1371 59
4528 4449
1001 4473
3937 3073
2853 1765
4481 1080
3409 4433
4396 4165
1551 1711
1411 4411
931 367
4279 4702
4082 3035
4001 3001
126 3467
1461 986
4241 2491
3021 2436
881 4312
3513 3109
1576 1985
3904 337
2225 201
4741 4011
3345 2036
536 1481
3490 4471
43 2599
3447 2988
3717 4957
4833 4863
1001 2026
209 1513
994 2423
2516 4973
1157 1485
4805 691
2137 1568
3411 246
2345 4081
2331 4466
2656 3721
3031 1206
4121 2045
313 3740
1512 905
3248 4329
3117 3198
3313 3105
4407 2294
1581 3607
2159 1182
209 4215
501 2560
184 3793
1721 4321
2401 1201
4759 4128
4809 2939
4081 3761
1499 335
3801 2287
3851 351
3951 1151
1797 4795
2860 461
450 2851
2995 2031
3485 1581
4223 3583
1045 2686
671 1391
1121 1697
3301 1101
4284 1869
2175 4226
3485 2731
2089 2249
2789 1000
2346 4539
4495 2036
698 3075
4877 3054
1051 151
745 1831
2902 863
333 695
861 4746
2616 3361
1301 3451
4545 4961
1625 2251
681 2531
1098 2959
3881 3021
2401 1814
3563 4203
677 4559
1010 2271
335 591
3209 3177
3523 4983
2717 1470
3827 3080
1025 2351
3321 641
161 2521
1585 4321
745 1341
1678 2315
1637 3627
4154 3999
730 2091
3381 2166
3149 4943
4607 3160
1605 4691
3264 225
3336 4025
4296 2081
2257 4005
4301 1951
3465 1921
3801 3801
1911 3538
399 1075
3926 2823
3947 2232
2701 2754
2626 251
1204 1533
1249 2173
1201 381
402 4675
153 453
4030 11
2951 4426
2843 2463
249 839
2501 2501
4613 178
4010 3711
2853 2642
2181 2239
4071 4307
2046 2619
3146 2991
3619 950
2064 1929
2913 945
1341 1123
1651 2551
3031 2923
4919 2328
3531 4516
3358 1555
1884 4637
701 3320
626 1911
493 1973
2729 77
1533 590
504 4777
1055 1696
1916 2061
2200 3801
2136 681
2129 1257
3779 4360
3393 5
2223 15
4877 2252
1251 2551
4337 2349
1229 4077
4788 1733
719 4414
4383 4023
205 741
4491 3024
1217 2332
4635 1496
4405 3821
2909 1453
739 1259
4056 3081
4431 1466
3301 3205
3265 4181
1919 1462
1123 3183
3616 2273
851 1276
2202 647
2398 767
3003 1052
686 3035
1925 2351
1001 51
4021 3429
3223 698
2169 1874
890 4711
3651 2390
2857 4285
3493 1917
2996 1925
2976 2017
2764 3853
4541 2461
1098 1607
1194 3135
597 747
4876 3677
4 29
3860 1941
962 2899
4108 2349
3246 991
981 507
2701 51
4137 2358
266 4311
4773 1154
1901 3021
1629 387
1859 3463
1951 1816
3194 4835
4572 4165
1917 2254
4149 4365
2547 3864
18 847
3311 1771
2471 4131
2801 2041
1217 3813
2457 3797
4748 2189
2256 1641
777 2534
41 2461
2821 1421
4252 1853
2948 1533
4005 1221
3186 1419
81 4537
2351 2551
4897 3409
2241 3267
3187 3855
4791 3731
4198 4387
4976 3681
1157 1322
1129 2580
3253 543
4625 3501
774 2447
729 1665
927 2475
4034 4035
1601 1849
697 4609
1985 1761
537 3259
3527 4338
2037 2778
3722 3275
4481 1785
4785 56
1405 2731
1085 3781
2696 4457
4909 1179
4658 2819
2978 847
1116 1741
3352 3689
746 2603
1 65
201 3041
1934 1747
3201 2061
3301 4566
3830 3631
641 641
4873 2969
2566 2831
3289 2625
687 4847
2826 4999
1938 699
1513 1703
2651 1276
4641 4590
1561 3709
266 4311
4459 3640
3064 4649
698 243
2841 118
589 1218
2277 283
1584 3457
3701 4021
236 621
4305 1641
3558 487
1045 531
1101 51
1704 3497
4659 3518
4925 3426
4851 3511
3156 2021
2461 3597
1077 3773
2011 716
2457 4313
326 4671
902 179
3219 3220
2110 731
1079 2660
1305 221
437 3599
1401 1041
3221 471
1461 2923
4713 3929
2171 722
2076 381
2555 1871
2865 496
1851 4571
3248 137
1477 4432
2637 1645
2634 3263
1206 2035
4117 1149
4901 4011
3513 1339
3365 2871
2424 1209
153 3263
569 1417
1865 4361
3326 3151
3317 1439
3287 3795
1528 425
300 4901
3353 709
2454 2087
2609 3925
4921 261
3833 665
2601 1465
1866 1291
4981 3861
4413 4173
2911 4488
2901 51
4172 1085
1895 2856
236 149
2401 1041
3449 2777
4520 2241
3537 4777
1165 3396
2879 2275
3666 3311
2921 1841
1299 147
3621 3471
3881 1813
254 495
4829 2819
4721 4399
1772 1197
4731 475
2487 2332
1421 632
1487 2975
1686 1335
1044 4069
2325 3826
3385 1241
4490 3371
2724 413
4398 3747
3600 4601
4933 445
4233 1593
1641 4616
2459 574
484 4845
142 427
3013 4300
4321 1174
1006 1187
3801 51
2966 1859
282 847
3798 143
4901 4704
4258 2387
2553 98
4931 3759
1121 606
2653 1427
349 2095
801 4469
1671 3499
2836 4557
1625 1001
710 3431
4307 2527
4723 4198
3321 1421
1181 354
3292 3885
4289 2249
2566 1131
1105 721
3902 2415
4041 1231
1551 2367
828 2325
2651 1276
548 3429
1557 1229
3605 3621
4727 3075
573 3078
1241 3220
3571 4264
1943 208
2623 3282
1081 2297
34 35
4601 51
3048 1337
2694 4723
3225 1601
3437 1548
600 401
4141 4871
2601 1011
152 625
916 2749
98 3627
3281 4059
341 5
475 451
4581 2487
4177 497
4347 2594
1123 2488
381 2861
2303 2848
465 2321
1169 3057
1529 3683
641 1410
2321 3187
2286 4447
2354 2099
4151 2454
1208 1945
4479 203
4981 3994
4761 441
3801 3061
2973 3515
1840 4961
4161 3958
2585 4931
221 3979
2025 1576
3251 2551
3588 4517
2987 455
2905 1481
3706 1771
1578 1295
4121 1816
2001 51
1301 4031
3183 4615
1350 3451
1801 2041
2301 1021
144 2449
2657 1450
1915 2556
221 443
4001 3023
4080 4881
1201 51
2207 4042
3147 2703
2761 3875
437 4717
2773 418
901 2526
701 51
3391 1731
2025 4101
381 716
3967 2978
2578 4919
2101 506
3665 1286
3225 476
3017 4222
1944 817
1516 1573
4369 975
596 4669
4409 1408
2061 3966
2811 3386
497 3330
1526 3735
3721 2446
555 3331
4233 30
1778 895
484 1293
3220 2181
3731 1171
2581 671
1553 227
4392 3313
3909 2359
2501 2546
476 2381
1943 1659
3588 4053
2847 3739
1201 26
685 4866
1309 4979
3408 4753
2495 2356
1081 4861
601 3415
1761 2611
2829 659
2556 3341
3967 539
4561 246
3931 4656
3452 3437
1400 3201
1457 1593
4212 2637
673 959
3 199
2901 4437
291 3916
3601 26
1873 4350
1161 1441
4481 4621
4933 2053
2845 4661
4993 4833
3896 3441
1802 3655
530 1891
1183 3282
2685 3331
1601 26
4216 3241
601 3849
2361 4441
1641 1180
1973 759
1641 641
1768 2489
2015 4706
4707 2128
311 599
990 1931
2445 4891
4425 1651
265 71
2589 535
3583 3159
2811 4331
2913 4825
2239 674
4077 2543
3367 2324
2609 3489
2441 4846
3001 21
3265 4781
401 1442
2751 282
2075 1976
3651 1994
4041 1641
4364 4277
46 2991
1915 3831
4801 1021
4897 4589
2508 2525
3126 1931
2031 311
3901 1318
3691 2770
626 1911
3633 2045
317 3949
4481 3773
2251 2551
4025 1101
761 1850
237 4955
4018 2243
501 2005
3763 2683
4121 2969
166 811
1609 53
3365 1731
536 4841
4147 2088
1257 3772
3948 2413
471 1087
3114 1447
263 4735
557 1698
4496 2241
1941 2346
3812 3813
2961 285
3633 3597
3873 3445
4099 4862
2851 2551
4313 3017
313 2529
4258 4967
4313 4505
160 2721
4277 837
3998 3899
4826 3911
4809 69
2597 583
1211 4771
1352 4769
2569 1158
4751 2551
4687 3115
1846 4147
2592 3513
4311 1044
4677 2714
3790 1511
3527 3135
4731 48
1709 1525
3151 4739
133 1119
525 3901
4233 1195
4684 725
4463 168
4341 775
2169 2057
4041 1641
1911 420
713 687
4229 1520
2481 4621
585 2761
4337 3177
4501 2526
2724 2133
4333 999
3615 1596
4744 2337
1684 157
1426 3431
1867 154
4213 1853
2417 2345
4098 3843
4979 3615
3969 3970
1563 1907
1763 1995
2553 3393
3147 850
937 3733
3029 683
1741 3080
4451 2315
4081 1621
2881 4479
1739 1303
3159 3202
2240 3081
3997 2965
385 4621
4315 3356
1921 2631
647 3350
1494 3447
1209 2705
4300 1701
1172 4613
3083 2155
1798 739
1740 2421
1369 3274
4989 4715
4759 59
3486 1871
2501 31
4717 757
3221 471
480 841
3694 3023
313 3757
3722 943
2257 1739
2186 2791
4681 3628
3831 4156
3676 1901
119 2260
1201 1031
103 3400
2931 4655
950 4851
617 3703
3621 3987
4585 1721
4951 2551
2381 2861
4541 2559
4410 3171
4323 1722
4729 3077
1091 916
3704 2233
4367 4048
176 4401
1397 4559
1473 705
1169 4620
113 3617
2044 629
1625 126
1621 1211
1337 1210
4656 4337
2865 4711
1301 1429
301 51
4040 2121
1779 4288
4979 3972
3883 1438
2077 2159
819 820
1420 1181
3067 1624
693 3168
3347 739
4476 1661
3636 893
2159 2160
1759 1760
2417 685
1031 3148
3407 2607
1153 4203
2553 1697
580 3061
2072 3649
1451 1904
4215 4471
2589 1053
4197 4487
1049 3393
1584 4753
1381 2861
4177 373
3776 2785
2721 1769
3197 2397
2432 257
4921 577
506 2771
141 4936
3156 1029
2769 1995
1780 3661
1522 3919
3196 2117
1896 4481
1033 4298
4990 4731
4697 3033
2874 3307
1675 2051
4909 4455
1379 4467
2481 4241
823 142
2495 4691
1276 1381
3553 2393
1903 599
43 87
2720 1681
1151 212
1831 706
2490 2111
690 2591
2096 481
3671 131
2503 2690
1091 2824
2193 3949
914 163
3241 2979
1478 2423
4341 3411
3343 1774
1820 2741
4451 1276
1265 1021
4065 161
891 1679
3331 3227
1796 3781
4441 4970
1153 4613
1542 2383
1826 1607
3864 3433
1817 3145
2833 319
2509 2870
3405 646
2025 4051
3306 4591
1829 3767
3525 3301
2465 3041
481 1646
4039 2327
4251 2551
183 798
4417 2689
985 3791
1131 3394
137 823
4668 2717
1239 712
3193 3265
4564 205
1067 3810
3651 2551
1720 4561
3011 771
1981 3013
3473 597
701 2061
383 2619
1881 1431
1967 407
3449 737
3546 3191
4919 3867
1105 721
1526 3151
737 377
1442 1443
451 1276
377 1033
1792 3473
1781 1861
1849 1642
4503 3043
1065 2041
1521 1505
4076 1029
3167 347
2446 4531
4021 421
601 4041
2589 357
3433 3589
1037 2445
4678 359
2411 2784
2861 2275
4641 641
1582 4667
1145 2481
3003 1007
793 1963
749 1439
4691 1911
2449 2145
2929 2457
1227 2670
998 3943
973 1677
2391 416
1465 3186
3276 1901
4655 336
1339 1239
2231 2627
351 3955
3257 370
2413 4978
4364 285
3519 4103
1761 1573
2057 3514
4852 3965
2566 4019
3851 1806
1977 127
1058 887
1510 4831
4993 4917
3345 1761
941 4116
1361 445
1644 2813
1377 4787
1351 1339
3565 4261
2731 247
2885 1181
4251 2511
2689 3025
2281 4489
1663 1642
826 651
2964 957
2742 1455
3821 4588
972 1525
1769 1989
821 4261
918 4983
2130 1411
3695 4531
193 1967
51 2296
617 3703
2644 2829
4321 2841
225 2601
476 1901
1761 221
4297 2118
2211 175
4826 2391
4985 4746
3521 3942
3617 1489
1503 1624
3257 4823
3051 2715
3631 3278
4987 4390
2601 26
401 1016
1949 1695
2026 4963
2392 4369
2285 3711
3101 556
1916 1221
4751 3756
3361 3611
1205 3146
1818 903
1153 345
1728 2465
3709 4509
3512 777
3875 3251
1503 3067
1562 4043
3176 4401
79 870
2438 2315
2087 4830
3441 2641
578 4047
1817 3609
1661 4831
1886 3379
3891 1167
2553 1273
4721 1609
1089 3713
2381 2861
611 2496
1805 831
3562 3563
434 3039
4283 4963
4751 3816
393 4433
2830 1971
212 2509
3637 933
1181 2716
3069 4589
90 131
2626 4391
2445 1261
2343 1088
451 2551
4491 2366
1059 1718
31 311
553 3849
4834 1867
1075 4176
2849 3847
581 459
1788 3277
2608 4953
1581 4861
4655 2231
3767 3215
3571 4980
3262 27
1337 4122
973 4759
745 1936
2669 677
881 3811
1830 1831
2389 1893
4346 1499
191 1843
367 1378
1505 2091
1411 2056
193 1352
3503 4702
3441 871
1825 2601
4161 2949
951 3776
782 3959
3171 131
2403 1584
4665 931
1443 2923
4819 2467
1801 2633
217 869
2461 2306
447 4139
2281 4745
2374 3807
4561 2538
2341 1706
2616 41
4317 4318
2836 1573
4791 2911
3518 4239
3306 1831
4481 4241
1951 2551
771 2711
4849 2753
4395 4431
4904 2985
4471 4131
2339 3239
2291 1207
3705 4821
101 51
1433 249
3672 705
4985 4341
2101 51
2687 99
4516 3541
1220 381
1391 3686
1278 4955
3597 2045
4811 2922
2521 3446
7 232
1291 3731
3079 55
4618 3923
1171 3867
2121 606
3929 25
3956 4341
1983 100
218 1555
983 219
2385 631
729 2909
1401 3457
3990 1371
1609 4188
4476 941
2633 1917
81 811
1228 789
1511 771
3161 1441
3259 2102
4073 1994
4296 2689
4115 3186
2073 483
2284 1853
4615 3071
1785 3561
2935 546
4911 4022
1141 3461
528 529
1784 3193
3861 3688
97 680
3891 2295
2576 4401
1414 1255
809 3237
2195 3286
486 1871
652 1957
2981 690
3216 2513
4949 1533
1921 4471
4737 273
781 154
580 1541
3029 3422
413 3674
982 443
4201 51
4673 613
651 1276
3981 4811
1301 3061
3376 1881
2285 3821
2483 1702
1161 1983
4616 3881
2601 51
2105 3681
4831 2635
2921 4367
3771 3971
277 3837
4886 4431
2717 3455
3272 4449
645 3061
2321 1409
601 4809
1497 4492
150 4351
1921 656
3663 4140
801 26
3731 1171
425 1701
616 2721
1939 818
809 1035
3353 3885
3651 1202
3701 443
2877 3573
696 4929
1509 3762
3653 3815
3144 3449
2803 1742
3802 467
988 3893
3318 3043
1986 2875
2647 2939
4957 4743
3618 2159
687 4924
2725 2576
2821 4125
1665 3241
3884 4693
2021 421
2249 1487
1001 21
2523 1335
1881 3456
671 3183
2234 2339
3921 3421
568 1929
1589 4917
3697 244
1763 1128
2499 2434
1859 4554
3881 2861
4136 2041
4197 4230
561 4271
4406 2083
3326 4935
2064 1369
2501 51
1 57
2822 1347
4955 2211
3721 471
1401 2031
1081 2565
807 3895
1600 801
4646 2611
947 3259
661 2645
1762 2483
3421 2631
509 1199
2226 35
4216 1081
4516 805
679 1544
1705 21
4801 1021
2601 2021
1201 2061
591 1915
209 435
2891 1494
444 1757
579 55
2693 4247
3460 341
4185 3481
3702 2935
2802 487
3982 2903
2119 690
2231 2168
2941 3821
3852 229
4297 4069
937 607
2261 221
3183 4615
4189 3908
3860 1581
4135 2911
1751 2551
4887 4803
3420 3941
496 3393
541 2706
167 2683
2137 3549
81 2188
2249 3977
3253 4699
2989 319
4311 3996
4819 3123
2151 571
2601 1011
468 4485
4173 2634
4189 1884
740 1621
3751 2511
282 3895
429 2309
4121 994
1241 1943
1779 3183
4561 3661
1501 2526
3599 2199
4801 3857
2651 1880
2666 3331
3697 4789
2773 835
986 987
2526 3411
4521 841
3491 2096
1941 3231
2333 3650
3829 4109
4269 3802
3659 1840
1145 4121
2629 3613
4649 3769
2377 4509
3229 2917
1826 87
3513 4313
3329 4832
3745 4721
4225 2176
1126 3419
3379 1394
2372 3669
281 2811
4081 4160
1390 1431
1176 4697
2212 485
4069 3829
4769 4293
3173 1347
4367 1203
1282 895
1997 1803
2921 261
4961 2895
2741 2411
4096 4321
1311 2106
3462 1955
601 3031
1537 1889
548 1373
805 4661
1461 4221
404 2373
3159 1382
3101 51
2001 2022
4385 1311
2296 2809
2429 3439
2253 2157
7 295
1731 1931
1001 26
3225 451
3161 3856
4571 1258
33 529
1721 2609
3426 2691
3649 279
133 2395
3909 637
2161 3305
2375 376
573 1147
4961 4494
241 1688
589 2959
4672 4337
3684 3685
2799 740
335 4406
3815 1706
4571 3832
2857 4283
2010 2611
1551 1531
2222 3883
3049 4883
2541 821
1831 2255
841 3641
2620 4581
753 3555
3276 1381
2222 3319
4212 4213
4233 1933
2527 2852
2606 3243
3732 3733
1196 2293
2796 1741
1934 1275
2437 2733
728 2377
1837 4807
1216 1081
3751 3768
777 1419
2533 4778
2493 4973
4501 2566
4349 4350
3945 921
2313 2895
4289 2937
2017 3919
1049 353
3593 3093
1475 2926
4959 4140
271 4486
2497 2474
2847 482
1505 3111
3785 2056
3401 2259
4207 3039
4026 651
3061 3661
3079 3583
4138 3107
3781 125
3705 4856
3216 1081
919 4627
1337 1393
3137 577
4531 2171
2141 1359
693 3317
1046 899
4232 1225
2221 4935
1936 1481
4663 2924
1867 3479
2699 3359
1185 1881
3541 2690
2625 3251
2771 3070
4068 2205
373 3429
639 4810
359 412
2357 3995
1188 4205
1656 3281
1658 1347
4837 763
3951 2482
2909 2997
3326 3107
4033 4717
701 1031
1561 2489
4911 4216
4644 2509
4595 1231
4860 3181
3481 4241
2941 877
3020 2781
2331 3987
2705 4921
4269 2808
3053 4863
25 1301
4818 2539
2325 4151
4733 122
2177 4019
193 1545
1661 3221
2745 2841
3967 1615
3525 2301
2017 2273
439 3439
1721 3841
3860 3181
1603 1679
721 4750
3936 4993
2911 310
4355 1616
2236 3541
4987 4975
1450 4151
1901 51
1597 762
3354 187
2941 2343
1603 1563
502 1627
3171 1354
4925 3726
3801 2424
3753 1392
1431 2156
1780 2461
2083 815
1395 2071
4985 4821
707 4695
961 4221
3325 1101
981 4716
3092 2829
3776 4401
536 1969
2511 111
1004 4037
2226 651
4447 3895
3969 2009
315 631
2151 4588
2101 1011
3589 3930
2377 573
801 1653
4835 2691
2771 1566
3949 349
53 2863
4144 4009
3793 3272
3695 3446
4041 1641
2052 925
1049 3393
1165 2621
1589 1972
1309 3434
292 1133
4777 729
2143 2867
2729 2367
4643 2859
3391 1039
2787 1647
3314 759
1390 1971
2881 1431
521 3236
4081 3241
583 3232
2895 4486
3081 3241
3931 3655
3408 2913
3891 2371
3085 421
4316 3797
4020 2061
796 821
1841 3641
3058 1407
1779 824
4696 2537
4477 2805
3771 4696
2376 4401
1941 4877
2201 3041
3489 1649
1901 3021
986 2259
2919 3032
3481 1836
625 2501
2476 2381
1033 3265
4817 4387
1592 4377
1661 1611
3243 4319
566 1415
1324 3117
3497 2857
1025 3201
2473 4353
3737 2007
4306 1531
1011 716
965 4741
1113 617
1885 2621
2777 1663
2713 113
277 2757
2251 1296
957 722
4105 4786
1861 4912
3133 1459
1891 4968
1738 4495
4161 3085
2443 2379
4119 4475
4658 3243
3465 621
4861 136
613 2069
4820 4061
3376 4401
894 595
3693 2493
1581 671
4137 3248
4949 4797
2023 312
2980 1621
1557 3685
33 1717
1817 1753
2801 4056
3207 1590
677 2709
501 2526
2064 4857
3598 187
158 2055
345 4661
4908 3653
4841 1185
3914 679
1993 1539
2365 411
4249 198
3640 4321
4662 4255
408 2753
129 2065
2351 2551
2620 3821
2503 2648
3591 686
1195 3586
4401 1066
4770 3791
2429 3155
3921 1841
449 2512
2075 2451
1563 1580
4081 3537
3453 4309
3833 3824
1096 2057
4233 2447
4379 782
1605 1856
1443 1480
517 2749
2419 1599
2468 1317
1075 1826
721 2305
4257 4739
2975 76
698 15
1977 817
1097 4747
4775 951
2277 4602
3899 4264
3786 515
1661 4814
3001 4064
4481 4241
2040 1681
4649 1577
3513 540
2606 3031
1459 4000
4337 2045
45 2386
441 2641
248 249
4910 771
1875 626
3689 1097
2709 1504
939 988
41 821
1081 808
2017 1392
4037 1149
4050 351
1961 3441
205 206
4035 3331
4701 1164
4236 1317
2681 861
3377 3589
4481 2216
909 3635
2920 2961
701 4908
4065 1341
762 2287
3058 1003
2506 2891
3295 4771
4421 3421
1482 3367
4575 3651
604 1645
3507 4620
2705 1481
49 638
3692 2597
2631 1311
1178 1859
3369 643
4681 2137
551 1531
1527 2068
621 1115
2031 1706
3521 1547
3616 1113
4306 979
4825 3701
482 303
3081 4244
637 1467
3322 2915
421 578
2889 115
2302 4135
161 3865
2147 2235
1307 3360
4009 1487
4271 4906
2121 2261
4365 1031
237 2562
1241 4641
4125 2126
1801 1827
1545 86
2885 2331
1552 2073
1 51
3301 1506
825 1401
2198 4347
61 4027
4739 2995
4201 1649
4029 4799
3345 2111
1301 3469
3185 961
1191 1203
3025 4401
1601 26
3537 1369
309 2979
106 107
8 313
4073 505
1295 506
4958 3699
4671 2040
833 1667
2290 3431
577 2697
746 2683
2170 191
4672 4585
1279 4302
445 341
3681 3682
1465 161
4395 2011
2307 1123
2673 4689
6 127
4975 4851
561 2441
1827 3562
3511 1820
1571 3415
4801 3857
653 878
1797 3603
3019 2179
181 861
2146 3695
833 1659
190 571
1351 2551
3907 2235
1276 77
21 211
1740 4381
1027 3487
1621 3631
4341 4143
289 4249
677 3802
449 1287
859 1168
3039 3419
135 4046
794 3435
491 1875
533 4925
113 1583
29 407
1541 3903
657 513
331 3206
491 1875
726 3151
237 949
1600 601
2206 4271
86 431
109 887
981 2469
2857 4995
3026 1431
805 4661
2614 1947
2066 2311
343 1175
851 4468
2185 216
617 3575
3901 4061
3367 2223
925 701
993 889
1366 3791
2661 1119
1641 2282
23 47
545 4361
24 553
273 4642
401 51
233 1758
2347 2963
1857 4425
1117 4255
2369 2654
3234 1403
1651 4484
612 2957
1401 51
355 2131
226 3391
1717 4285
2091 4459
961 2661
109 219
1861 2692
301 3011
833 3329
1961 2271
2585 3231
161 2577
2614 1947
2185 216
3175 4076
1765 3541
1891 4423
73 877
2401 249
1387 1543
737 3585
358 2519
856 3521
1561 1831
352 4577
1117 107
3361 1329
2458 4855
65 2081
157 943
2669 4803
1476 1901
225 3151
3619 2474
1666 1643
60 61
3265 1516
1783 1283
2437 2355
581 1621
3829 2083
101 51
3069 1072
1089 2425
1473 3880
2773 4700
749 2957
1531 2055
246 3611
441 4405
253 3037
651 1927
551 306
202 607
511 3688
277 1372
122 1343
2212 3205
1996 4861
769 3457
859 3348
491 2186
1141 38
85 3571
442 2847
26 27
2901 51
406 1091
2280 3041
3112 3713
1387 772
134 2547
127 255
817 2779
316 1637
575 3051
2485 4461
2341 2166
208 4785
307 439
1255 3846
951 2551
1701 2526
1240 3161
911 1844
946 4191
153 613
1471 1783
766 1491
2305 2981
898 1963
415 3736
109 437
606 1667
169 2029
435 3486
2237 1325
1841 4687
609 4489
3887 447
1480 2921
561 611
2305 2981
181 3146
4411 3771
4161 466
7 15
169 1353
1045 306
1321 2656
379 2960
1417 4009
3277 405
261 221
129 4129
865 2681
113 3165
211 1267
3137 769
1912 4569
23 24
1063 2718
3382 719
841 1775
1873 2397
925 701
2647 1762
42 1723
1594 3039
2113 4459
1712 4649
1061 1234
793 2339
113 792
339 4408
970 1491
4155 2611
3535 4171
1701 2526
838 2627
1795 6
3121 2261
755 4631
1123 2060
231 1156
704 3377
1721 3841
1837 4917
1793 205
1561 3661
1084 597
898 23
157 1885
2785 3681
1787 3990
2892 629
1463 4743
1365 4631
631 1503
1644 965
316 1061
2806 4331
85 1021
2311 886
157 2042
1190 3791
369 905
1306 3771
4489 1275
2319 1460
1387 4128
281 3935
181 725
325 3901
622 4307
1961 1090
3781 1861
556 573
1551 2551
1588 1525
1093 1837
277 3325
125 251
3246 1515
1933 3919
32 993
2157 4909
161 1611
1141 1680
2185 216
967 615
79 3082
1587 1808
521 1774
61 916
1871 2906
2015 1571
617 3639
625 2501
1973 2083
1569 3933
2241 497
64 577
793 2447
1162 1375
755 1896
66 4291
897 233
316 4741
677 3802
755 4631
581 1850
561 709
77 1464
2543 2667
2059 1479
897 233
2471 3899
52 53
1665 1561
2774 379
1810 3871
1027 3540
946 3111
721 3261
3251 1316
2868 4797
511 331
100 1101
222 2887
2036 1981
388 1685
2333 2653
2068 4605
776 4401
652 3693
1153 345
2833 2148
373 2239
375 4126
286 1303
202 3535
681 3621
1513 4469
1408 4337
1303 4727
103 254
1009 3163
681 1578
1861 2692
991 407
761 221
4486 1591
945 121
497 3977
1921 1841
813 2155
281 2249
561 4271
426 651
737 3585
2863 4603
271 2318
1665 1561
1651 2551
1441 2641
1743 1782
463 1483
2201 1845
1541 3936
1684 573
703 2655
71 498
727 3992
3481 1899
2586 2231
1513 320
325 3901
755 4631
1793 205
15 211
841 1775
2549 2549
865 1711
3571 4971
1681 2671
2689 2097
221 885
3945 3811
2185 2361
61 611
1405 1531
3641 4333
1273 553
1326 3151
1001 51
442 3095
947 835
1981 4146
2311 2527
541 4477
144 1585
42 1723
223 3252
2591 1371
1407 3467
4081 4861
433 3383
1915 536
3697 2033
2017 2613
913 3825
916 877
1079 2872
313 1277
2091 4459
1453 2950
2575 4951
821 1421
1771 3131
105 461
485 671
127 3002
1157 4670
639 3532
481 4621
3129 3935
1345 3041
487 3767
130 591
2251 2551
169 2367
1939 524
1981 4146
229 4352
561 2441
233 933
1366 3791
121 1211
457 3684
664 1289
3340 2021
1035 2771
1506 2711
1613 7
415 2491
1925 101
757 2692
533 255
593 4489
953 3369
1072 4673
233 3515
16 17
701 4071
1441 1113
1849 1773
856 3521
2656 4521
841 3549
508 4813
3025 201
622 4307
436 1541
4033 3113
667 4680
3081 4456
1364 4557
2624 65
2901 51
987 3559
1119 4095
127 2287
661 3627
913 2348
673 2689
25 76
513 1417
1105 416
1473 2137
11 111
1243 768
1537 4185
661 3627
1519 3419
2656 4521
2109 3413
407 3607
148 1037
2297 4178
101 203
1611 2054
435 3046
1961 3636
1233 2127
1480 481
3393 4830
769 4217
1925 1226
21 106
461 4221
94 2915
113 1583
119 2022
1711 19
1189 4207
37 334
166 479
377 3017
507 3323
1024 3793
1299 3579
281 2249
2395 1011
246 1723
170 2211
3783 764
1601 1233
2500 2501
769 4609
1121 2421
1225 1651
901 2526
1081 1621
551 1062
913 4609
2667 4682
1217 3124
1771 4490
913 2042
1810 3871
1706 2887
1306 2875
1276 1901
1013 3300
2669 4803
491 3438
691 1911
573 213
163 2935
757 599
3697 2033
1871 3615
408 4489
1521 841
631 1503
1651 1276
3010 3511
1426 1283
197 517
1961 4909
981 2469
391 1731
343 2059
1079 2872
1132 4149
311 4642
183 1282
241 2231
171 856
875 1626
1944 249
442 2847
937 3725
349 243
291 3440
2667 355
3295 2931
199 4379
601 3031
343 1175
513 3209
973 29
2276 2941
33 67
145 1741
351 4571
689 4628
4222 2875
271 4066
766 1491
199 3583
101 203
2147 4527
141 1975
172 3269
397 3574
105 841
1122 1319
1592 3457
3535 4171
813 2765
181 861
2295 4916
2774 3667
1891 1058
1216 2833
645 4671
2341 461
723 2475
249 1993
953 2403
345 4836
1497 2935
529 1639
302 2115
511 111
2500 2501
331 4966
1153 1509
2641 1769
3796 3781
919 1870
401 1417
145 1161
62 63
1197 1123
205 3486
181 3259
1793 205
45 91
1297 39
118 1535
172 517
561 1417
2016 2497
2710 1531
2 3
1961 2271
283 3302
3235 3516
862 343
365 3981
577 194
1756 3485
595 2131
91 820
474 383
373 3127
562 3663
106 531
550 3551
223 3252
1741 2231
81 406
4013 1768
133 1597
2416 1705
1475 2451
2871 971
323 4859
1769 1989
753 392
2017 1817
1008 4153
701 4629
19 115
2323 443
1249 4949
3175 4076
12 13
1201 3041
732 1477
736 1065
113 3165
33 133
85 596
2926 191
34 375
52 885
1465 4366
1030 471
226 3391
1681 2671
53 107
2656 4521
44 1893
505 1061
260 1821
1021 421
2789 4653
1006 91
2817 3949
344 2409
49 393
1565 1991
127 890
481 4431
1160 761
3718 4235
3469 1920
157 629
3418 4007
376 4401
181 2173
913 4695
12 133
1519 4938
139 3198
807 18
1565 1991
53 1379
42 1723
2563 2647
1801 3061
3777 1729
1128 273
2641 256
59 1712
4831 3340
1001 51
820 1981
560 2281
1981 4146
829 4068
901 4061
44 45
513 2833
661 1356
3845 3391
4411 3771
2611 2496
1765 1486
2701 1546
2941 871
89 3917
807 18
57 1597
105 1366
3316 541
3151 2551
2366 1739
561 4271
661 4085
1641 641
913 4695
491 1875
253 1013
1396 2821
771 1963
65 1041
232 1625
649 47
321 137
1611 2771
1401 4036
36 37
93 187
378 963
869 1940
1626 691
1621 3768
3187 2099
2107 2174
704 3377
3265 1516
2107 2174
3529 2625
89 1959
331 924
2409 4905
4761 3271
1036 541
1489 737
625 2501
1926 2411
1156 4277
631 1311
100 301
761 221
780 1981
162 1135
1873 2397
400 2801
1613 1939
241 2893
204 1429
4081 2509
2015 1796
261 3573
3083 1819
3969 1079
163 3803
781 154
1231 472
1063 2718
2101 3031
1277 2034
755 4631
2001 51
2647 1175
256 1281
913 1913
316 4741
37 1333
409 4909
2801 1857
1735 3991
2451 786
745 3941
593 4489
346 1731
2205 3791
2748 2669
273 4642
121 1816
187 1595
393 2009
1135 431
1565 1991
603 930
343 3035
277 1372
1889 1452
5 6
1055 2936
2451 1571
85 1191
1341 4848
646 4691
265 3181
703 2963
4285 4956
2101 3243
29 204
3887 430
595 1066
961 4416
611 1111
40 521
892 4437
3431 171
2395 886
783 3312
2366 131
2689 2097
969 1319
69 277
4417 4774
1051 2551
1093 3419
801 1021
976 4641
1711 19
1171 1116
2689 585
2161 4661
1830 1731
137 4659
799 3559
783 1019
17 18
1051 4143
1121 2777
1475 3826
581 1850
946 4191
780 1981
331 1847
129 2065
1201 2649
3382 3359
736 1065
649 47
3576 1681
1756 3485
595 4636
491 1875
3241 15
1825 4351
2091 6
805 3936
771 3971
1046 2531
216 4289
1891 4134
3277 1452
1541 2871
937 2489
1873 2429
151 2551
133 400
541 1231
1341 4848
3241 15
1751 2571
1849 1357
1055 2706
3088 1313
599 575
937 4363
211 1478
1297 1693
869 4333
2614 139
36 1261
2497 4857
1457 797
729 413
373 4477
781 621
2710 1531
233 3515
1641 641
409 4909
826 651
1837 2459
1892 413
37 667
1915 1391
451 296
166 1827
885 1506
1293 3963
1600 601
652 3693
2341 4277
2916 381
945 756
1497 869
859 1695
2078 4227
260 4621
1483 3559
1261 1746
323 2430
2161 4661
1441 3231
343 2059
916 3741
1985 3521
1035 3646
1701 2526
841 461
397 4368
2566 471
1551 1163
1681 2069
463 1483
2881 3289
53 107
738 4447
1953 2497
3333 3318
2913 1477
2047 2552
2815 3606
391 3911
287 3158
1081 3917
49 50
157 3165
4225 401
1891 2115
1477 558
2601 51
1975 2826
3382 719
88 265
1249 3712
148 2253
417 3337
1486 123
813 3578
56 3081
897 2409
281 1406
2080 3641
2353 298
641 257
3235 3511
829 4068
181 861
604 469
1148 2477
169 1353
1945 31
1979 98
2041 2461
111 2443
178 535
778 3787
193 1177
2753 3380
841 2097
1275 2476
781 1716
451 4060
768 313
2051 4092
497 408
4217 1455
406 1091
442 2847
961 753
540 1461
193 2317
2441 2641
1681 2069
28 85
1985 3071
3482 439
2731 2516
481 773
2839 2078
1217 3124
799 544
271 2440
445 341
290 4931
469 4389
1828 165
617 3639
1190 4511
112 337
931 3966
1453 1967
721 2305
2002 3139
133 1597
241 2893
1121 4841
2517 1157
989 715
2143 7
177 1417
487 3767
1596 2781
145 1741
1079 3739
126 3151
451 4511
385 3481
2991 4416
894 2019
2509 595
981 3735
1750 2751
2623 988
1921 2209
351 2458
2366 131
463 559
3241 15
1157 4670
4357 2563
256 3841
193 1159
449 4369
415 4546
2347 1944
2401 51
2205 2891
1432 3665
2081 266
826 651
4417 2689
97 4657
65 521
3305 81
1633 1045
2101 1061
88 265
136 409
2257 3337
541 1493
2785 1531
2965 4006
514 4627
208 1873
4027 648
253 3543
1303 787
261 221
541 1231
1189 4238
1273 553
3169 4155
69 277
115 2186
1915 3196
4481 3671
2177 3037
1431 3016
477 3340
691 366
2409 4905
894 1987
43 130
2965 4181
2641 3461
1925 1226
1241 3472
2853 1887
4291 3916
2968 4793
461 604
161 1289
2761 2007
885 46
385 2321
757 898
407 699
1045 3811
757 3627
1387 3255
1401 1041
2351 2551
386 4247
742 4647
1457 765
123 247
45 496
2857 4993
898 23
273 2185
221 2211
433 1692
43 1807
886 3291
449 3737
1393 3433
737 1793
601 4016
1939 3890
841 461
1489 2319
266 1331
48 49
141 3949
541 4739
659 974
298 3047
1519 4812
10 11
3961 1427
847 247
529 820
661 4085
521 421
1317 1900
3186 2091
157 1124
2210 3871
1301 2526
4225 3851
2929 593
2710 1531
64 193
1951 1816
911 4216
2821 2588
703 3279
401 3021
41 42
243 347
2748 2669
1783 3142
1587 1263
1377 4065
793 3549
369 1975
2774 379
31 187
353 649
2669 2775
323 4523
1432 3665
231 1156
81 1297
497 408
1176 273
2581 984
2395 591
7 15
1939 3890
1373 3445
1585 1081
3401 51
222 2887
2101 51
1079 2872
937 4363
988 749
661 2272
820 661
273 1093
1103 958
3905 3206
1145 4541
1933 3919
1489 737
2351 498
568 1929
3201 4865
39 40
3721 3261
89 980
1121 1389
262 2599
193 3089
540 941
169 4733
145 1161
365 221
157 629
137 2330
199 2190
1651 4531
271 1356
2041 4092
441 4852
3777 1729
3075 3351
2255 3731
244 2197
156 781
127 890
154 2855
501 2526
1181 3621
2601 51
709 1832
3771 116
473 2908
365 2556
251 1256
55 991
451 2551
541 4608
3619 2474
2495 2286
586 2619
313 3139
3133 4183
324 1157
73 2629
3039 3419
550 3551
241 2411
3022 2255
47 48
3718 4235
981 2469
85 1021
925 4426
1009 4217
3151 571
2593 23
73 439
1667 1679
967 2242
886 2275
1081 3241
1651 806
1181 3621
211 1478
1145 381
406 3271
1027 4027
3721 703
1921 261
5 21
336 2513
3901 4061
3641 4871
701 2011
365 4491
281 2811
1343 4547
1863 795
1453 899
3969 1079
271 2440
4348 3925
148 3109
50 351
1561 3661
2581 4861
1565 1991
313 2513
3284 917
345 4836
235 1411
3721 3261
2449 3165
609 4489
3329 3109
3600 2401
103 619
495 4406
151 756
181 3146
1201 4021
106 2227
2346 2183
1381 3527
2402 2699
881 4383
1301 1021
1281 1241
205 2461
1613 3877
1712 1009
885 91
925 701
3565 2511
1485 3706
2276 2941
196 2645
1409 1997
25 301
2201 3041
1857 3849
897 233
4279 299
793 3549
645 3061
409 4909
768 313
1893 3293
2319 3123
799 3559
75 151
49 148
2871 2712
85 2381
3887 447
1519 255
1270 4291
1405 3061
3901 4061
482 1267
2224 1737
2701 1546
2025 4101
2073 1702
441 4703
2641 3461
3022 2255
1592 3457
24 553
571 1699
344 2409
1354 4683
4141 3461
1996 3773
1220 4661
36 37
23 507
49 589
743 403
465 3721
1621 2261
241 785
1471 1486
484 1133
465 1971
2563 1344
2353 3827
145 221
273 2185
900 2901
1828 3013
415 2471
2276 2941
1921 2945
199 1568
1864 329
2701 1546
161 1441
550 3551
2022 35
505 1061
1629 1677
650 2151
1921 1473
414 4427
2857 708
1431 3016
269 1077
1121 4841
1888 1289
1179 2402
365 111
3016 721
1915 1391
2745 3721
1027 3487
3501 71
2395 1011
1101 3445
505 1816
1233 4049
1459 3787
3961 2661
61 123
4289 4497
1445 4911
1365 61
799 1780
2705 661
2521 883
118 4603
1156 3581
193 580
2251 1296
2053 863
2501 51
473 3785
4217 1757
1021 4429
2007 3414
2951 2551
3277 1452
1951 1090
1353 357
1121 4236
361 4333
1538 1515
199 598
1008 4153
205 3486
103 619
173 2440
67 202
2071 3196
573 2450
766 3023
19 115
1317 1900
49 99
881 4097
118 1063
889 2894
443 63
112 4145
705 2561
97 1165
2624 65
3246 1515
163 3803
28 29
337 2023
1013 1599
178 503
40 1561
372 4717
201 1609
139 835
1821 2347
385 4241
419 4610
433 785
560 4081
1613 4
1171 447
1683 3808
320 4281
1035 3646
729 207
698 1867
1301 3827
2853 1239
17 18
1404 645
1249 3712
2471 3899
435 1971
990 2571
361 831
1737 3637
378 963
391 2347
2071 2131
57 58
286 4291
163 1468
1537 3777
3571 4971
3421 4998
2065 3796
1981 3956
1111 1108
993 1567
361 3250
271 1627
1301 51
631 1503
8 9
3697 4003
613 2357
1207 870
2296 3321
53 107
1291 514
664 3865
865 1711
1132 2829
1639 3922
4481 3671
1255 2611
76 1141
2611 2496
5 21
689 1025
4027 648
1701 669
1220 4661
141 1975
1405 4796
91 820
2185 3621
921 1184
246 1723
541 4870
1376 4401
112 337
1756 4021
973 1272
1651 1276
813 2155
553 1637
2109 3413
321 3211
931 3862
196 589
1761 2485
1450 51
1006 2403
1821 4693
331 3642
1225 2051
993 889
353 3884
415 2491
1025 2801
1513 852
172 517
1678 443
19 343
289 2313
4285 1381
33 34
103 619
2861 966
319 1915
3121 2293
851 2551
2051 2551
1177 3249
133 3779
553 3158
1261 2699
1795 1671
760 2441
1761 1856
81 163
35 596
2666 3291
249 2720
274 1919
1321 2841
495 3811
1089 4849
428 2997
2517 1157
1051 1786
376 641
2117 2383
1996 4861
601 4425
1939 524
1121 2937
481 1545
97 2329
1220 3061
3133 1715
1190 4511
1535 566
217 2605
435 1091
2017 1817
3136 2481
249 1993
2605 1511
349 122
683 1174
1737 2273
103 1752
2445 2141
151 2266
2380 181
365 111
2243 235
2091 6
2129 4225
188 3197
521 1774
433 1929
631 2086
265 2916
280 2521
664 1289
2416 1705
163 490
226 2035
2081 3241
49 148
1024 3793
1401 3071
31 63
154 1387
2017 1817
596 133
2233 389
1082 855
1990 1491
456 961
105 2731
1036 1485
4222 987
151 907
2157 694
518 4347
1509 3762
1093 605
1951 3531
109 2944
1076 1901
970 291
1459 3787
127 3002
59 60
2761 2007
435 3046
233 1865
1587 1263
721 3653
794 323
687 4619
88 265
4693 3818
301 1021
53 690
7 43
2715 4891
1189 4238
121 243
367 2203
6 7
113 1809
52 53
127 1144
852 1525
336 2513
771 3971
1651 1276
145 581
222 2887
521 4169
645 3061
613 422
134 939
2465 3041
3597 3015
235 3056
4693 3818
1275 2476
645 3061
187 798
1431 2207
1473 3880
1453 899
1273 2470
2990 1511
31 931
991 4731
727 3992
1225 1651
811 1496
1837 1133
326 1191
609 3143
385 4241
2258 3547
673 4423
1197 63
465 3721
119 2022
507 1155
649 577
1255 2611
393 2009
1749 455
1393 398
419 923
2653 405
673 2305
599 2555
561 4271
33 529
1518 2239
154 2855
