5000
970 1511
1053 1435
369 4553
2506 1111
1851 4399
1373 555
2055 4786
2337 2439
4678 3863
215 4536
1223 4695
4895 1496
359 4215
3477 2088
1106 1771
906 2795
1773 2029
1 4459
4833 734
2001 2607
4009 1725
3797 445
2270 3971
615 1131
4389 4717
4961 708
3142 3143
2891 4414
2017 4819
1941 815
121 2816
686 3811
4435 3611
4400 4601
3569 4009
1249 3229
3291 2606
2104 217
3433 4393
1775 651
1992 305
3273 825
466 875
817 943
4115 2991
345 3261
2651 3926
1245 496
3001 2961
2709 272
1086 3611
2289 4037
3486 2627
1936 3089
4125 1501
2071 683
51 658
1812 1813
3917 4639
2987 4954
3665 3331
3433 3113
3301 1351
2509 3230
4927 1539
4097 1917
681 2381
3649 4159
145 3561
397 3614
2851 4966
3974 4863
368 3553
508 1757
41 1345
1241 3089
546 1163
4073 3357
1545 2061
1565 4806
2625 251
4276 4213
1894 1983
1195 2706
709 2459
1809 1233
4316 1541
2806 791
4213 3527
4290 491
3073 4250
2637 4235
3513 2249
286 731
365 3411
4692 797
4089 1785
131 4780
1609 3137
21 1813
1017 467
3004 173
587 415
2437 3130
778 1255
2106 907
4807 1218
4029 309
4832 4793
2106 1563
1276 4917
590 1091
1577 638
1841 2121
4321 4936
1972 1189
337 3717
2537 815
2314 799
234 4163
4510 4631
4891 788
2696 1441
4209 480
79 492
4923 1107
1257 893
4006 4091
2833 3430
2345 4981
1913 3505
4865 4621
1791 4911
611 804
4806 1783
3816 3529
1183 4870
4457 4253
596 2437
258 335
4905 3146
3999 2442
1501 2495
2152 2889
2333 3757
1169 3302
84 1069
1603 4143
932 1957
3377 3025
830 3591
4885 4471
1795 3686
2390 691
3139 4924
1057 4089
3676 301
2025 1526
1941 931
1937 2233
2201 133
86 4455
1457 1052
2855 3511
2695 2911
4585 1921
4697 4465
3417 4389
4091 455
4645 4896
2642 4867
1969 3773
281 3652
2449 2825
2887 3224
1864 3177
1435 1486
3232 1617
2080 1041
1791 3855
3045 1636
663 4370
1928 1137
1617 1303
3776 4817
649 2233
57 2214
3066 4971
4067 548
1599 1928
2879 2068
4806 2219
2661 3594
2730 1371
1337 3653
382 3643
940 3821
4799 1420
2167 435
136 4545
651 1603
42 4319
1825 1551
3321 2667
4041 309
4857 3357
2529 2745
2669 203
3240 4041
3566 4159
161 933
1951 1616
4544 4217
3875 3626
2389 213
4473 465
2497 3005
4364 4565
3021 1606
315 4531
193 2803
1841 3125
973 1213
4401 3574
4011 1196
3521 2993
4053 4475
2876 2861
591 4011
969 4985
4065 1561
399 742
78 1343
997 1639
3076 909
461 4406
851 4551
1674 707
2708 1229
2913 2782
2121 4323
2959 1880
1483 1183
2295 1211
3895 4871
2405 366
625 1251
3598 4735
395 1906
3135 231
4285 4991
2225 601
849 283
4831 371
150 151
4487 3124
3889 260
1194 3975
3111 456
1953 4029
3711 2879
3601 2771
4155 4816
1424 1089
4036 4421
3760 681
492 4613
4669 4600
3442 3147
2636 4861
4113 1833
4714 187
4257 4293
4141 1006
4470 4131
4946 1127
1301 4173
1661 4259
226 551
1673 1657
827 3295
1219 3679
3151 3658
3018 643
4202 1159
4937 1973
3518 807
4299 4007
4811 3791
1609 807
715 2071
741 1485
553 2257
4401 2777
3425 4901
2661 4450
1277 173
4689 2225
897 965
3926 531
1661 2181
3429 3213
1297 1620
3081 3841
2312 729
1856 2329
1128 793
3936 3321
1685 3556
910 131
2376 65
1913 2533
4919 4183
3545 2396
517 2719
845 1021
3104 4329
2601 1723
4529 3279
3389 2325
3771 3652
928 489
3601 1531
2575 1326
50 4951
313 297
1649 2153
4351 2239
361 3794
923 1152
241 3091
3086 2331
3685 1181
2621 917
3306 4995
1353 1897
2519 2170
3573 1099
2776 2601
1257 4694
809 3793
402 1355
3429 1357
2292 285
3871 3119
761 4025
1765 4461
1222 163
3026 4971
4041 36
1591 511
4875 4251
3535 306
4350 851
2497 1649
4921 1424
3645 3511
177 3485
1983 1784
4491 578
496 4449
4373 3020
4047 1782
2321 1761
2589 237
3471 1396
2041 1421
2101 4125
4181 1973
2773 3245
4876 101
783 87
1765 3861
2261 883
3721 2169
4761 1206
509 4197
1786 3087
1981 3471
891 3092
2694 3655
2119 3264
4178 83
4695 3996
4329 2273
4040 3321
3751 1256
4309 877
844 3125
2363 3480
2133 950
3191 4927
3402 255
1825 4401
1719 4104
1693 1340
1091 1835
1302 4179
3436 661
2305 2191
3801 4621
3937 3205
4681 2705
3511 3698
3321 881
4397 4812
173 2629
3981 956
2101 3831
469 2752
401 17
2207 2475
2171 4924
79 2167
255 3811
1828 4677
313 2974
4318 559
2531 1891
4164 4765
411 3591
4420 1621
3091 2011
2515 4396
676 581
1467 4939
3389 3333
41 4341
3590 1511
4366 915
4745 3261
903 3680
1276 453
2277 2125
3811 2946
4612 277
137 549
971 911
4340 861
2341 4442
2001 3441
1601 4995
599 335
141 931
536 3561
2291 1163
3401 4151
1957 1935
4594 3999
3005 831
2157 2717
2371 36
941 2316
2021 1213
999 1578
1533 3027
1027 2340
3537 318
845 2111
51 1939
4377 4529
4215 4016
4039 2619
2149 3605
2616 3569
4137 1730
2499 3598
2101 2829
3801 4801
3863 324
1829 4027
4041 1281
3637 67
3620 3141
911 3612
601 3301
905 2081
3001 3581
2731 4111
4425 1151
2596 2941
4985 4881
229 565
2601 1667
566 3011
4961 2981
1720 481
2065 3236
205 286
3161 2121
1773 773
246 3591
1185 2216
3481 611
3296 529
1944 4913
1557 2773
3521 2252
4437 1109
2761 4906
2241 1961
3101 1888
3483 3012
4473 2417
2881 343
944 2257
3729 1433
800 3201
4746 371
558 3103
4761 2649
165 2446
2028 1549
2241 3541
4277 1518
4945 3006
3454 439
3212 2645
4741 1071
4507 3742
3461 741
1001 3729
3777 4017
1385 61
3411 2211
685 1736
4961 169
1903 1144
3273 1769
831 3724
4873 2429
3889 593
1010 3271
2537 2117
1589 1427
3345 1061
3833 4467
1186 3363
445 631
737 769
4271 2068
2074 1663
4751 4076
1807 1887
3675 4676
3637 462
3489 1802
2361 4757
405 2941
1476 341
3017 1040
3700 1701
1965 4986
2968 2705
245 3866
93 1277
376 2001
2923 2835
2551 836
2484 1309
3321 1823
3857 617
4869 2555
2607 1443
4576 3137
267 1863
4296 3321
976 1785
1148 3973
4621 918
2041 61
4506 4547
4079 2339
3876 2101
4665 3361
3919 4070
3551 2676
2117 1383
832 1905
1416 2809
253 4285
3927 3699
4981 1106
825 1551
4029 4072
2924 3693
3003 567
557 4723
1668 3565
3501 751
2178 1907
1791 4416
3891 4691
3551 2994
3149 4135
3735 3591
901 2552
4721 2161
1853 4747
1829 3887
218 715
3425 4601
676 2101
4216 1225
3329 3734
59 3959
4137 4419
4801 440
3833 3465
1186 2211
675 26
433 1928
561 4792
969 2219
61 1250
1105 1196
1837 1427
4081 1961
2086 2203
1563 1750
4563 2667
802 2623
1277 84
2885 456
2635 4071
3681 4041
1901 331
3159 1383
1707 1155
3556 4349
1249 3193
2751 1426
4407 3580
131 20
1223 2547
301 3821
111 4828
1351 76
2559 882
1026 4351
87 2755
2816 4057
4995 4111
4177 2479
146 339
2609 4798
951 1679
2151 1866
4734 4599
3429 3039
120 41
2757 138
3682 4999
167 4587
2041 2961
111 1411
4990 2811
4793 4659
733 3675
1951 318
267 1439
4177 2975
4052 1149
3897 1734
3851 2163
250 2751
891 1742
4381 4925
2969 4338
717 3717
2289 825
1467 339
4495 3731
2809 3017
2049 3322
741 1996
977 609
4613 2117
4896 2113
4965 1471
2880 3081
4077 3517
301 1851
1355 3811
41 1193
2796 141
2399 1387
405 1261
4733 1509
2873 4785
57 2777
2039 3395
3135 1486
4338 2343
1011 4491
3094 4103
2225 2351
1721 4061
505 3541
83 4723
2418 1515
1753 797
1126 1839
4941 1421
3765 1736
31 1346
4545 1411
3809 4152
3017 1869
77 725
251 226
2761 37
2647 1904
2825 1801
819 1043
2521 1886
1830 1891
1667 4287
3686 3911
3031 3552
2562 2519
4601 21
2531 2539
543 3162
2008 177
1816 3129
2463 4904
65 891
2401 4593
380 2821
1601 3881
2226 2351
4502 887
4076 3685
3777 197
3161 1457
1825 1401
3961 4936
250 3251
3177 1973
3875 2751
1625 2376
4101 2037
4485 4311
521 4721
2681 2621
2346 1343
4076 1909
3680 1161
1041 1629
1713 3665
121 1636
1897 2985
4574 1859
1441 2641
2745 3561
3693 2188
2783 975
4793 1543
721 4181
2939 1939
2523 4978
4817 4337
2659 3335
3501 2951
1251 1039
1412 3693
272 505
2892 2117
1387 1290
4725 326
17 4315
4481 406
557 1197
4137 798
4697 3329
1173 3759
3801 3971
2180 21
3715 1531
3091 4859
276 2701
2820 3461
1640 4241
4009 3080
3553 1877
1753 497
3061 4127
314 1639
3009 553
3809 3337
2436 1741
3786 2183
2646 2771
3561 2921
2050 1151
4325 426
1679 1790
1245 3821
18 1295
2304 2417
4161 1073
3724 77
4415 2511
3680 3521
1326 1199
3910 611
2401 3076
1741 2783
1963 700
4625 376
2419 4788
1045 2261
2074 2919
4569 3273
26 3031
2533 2603
1281 121
4417 2850
1375 3251
1426 2951
244 4989
1625 2626
1776 1201
2440 4921
3509 1707
3381 756
1668 3173
4393 4329
4963 1088
2353 1513
4582 203
3063 1134
3251 315
954 715
2353 4405
641 4091
2801 1997
2752 1265
1157 119
177 3365
2869 3759
465 721
2211 2796
2097 4033
1157 1580
4699 3314
1389 2368
919 2039
2333 1098
4401 1146
466 1611
725 2051
3206 595
2166 2471
1985 761
2081 4422
441 3053
612 1429
669 1867
137 177
2109 245
1841 1061
241 3993
3124 2125
1991 4731
1260 21
754 3
3381 406
4731 3586
3177 849
4592 625
1985 4591
4887 192
3472 2369
2566 519
200 1401
645 1231
4986 1071
1561 2706
401 2201
1693 4933
4497 118
201 4817
3972 4013
2790 1471
1628 4925
4739 3703
2481 1081
1097 2123
4865 1761
241 281
2709 4007
4760 641
4473 3273
2215 3191
2427 1872
3027 3754
2825 4076
4509 4730
804 1885
1031 664
3651 1231
2305 761
1645 4616
3099 4979
2637 3595
513 4297
2237 837
4561 791
159 4107
1161 4581
2761 4161
496 4281
635 1866
3628 3933
269 245
1081 973
3313 2688
1201 4329
4431 1803
26 51
3772 1845
3391 836
3696 2721
2693 4767
4002 2735
3221 3103
235 3791
3121 3511
31 3391
2007 3627
1877 4712
4356 2781
3611 1246
4745 2481
4625 126
2051 3107
2481 2061
1713 3289
2960 1361
4683 2158
2231 3830
3635 2791
3364 3237
2017 4990
1023 2007
3498 2999
761 1081
4445 3906
765 1006
4641 2281
3609 3265
4354 3999
4325 701
1051 2151
4761 3033
3753 3554
2298 1903
96 561
3871 1371
4871 3002
1831 1611
4251 1151
1681 3021
1909 2803
3318 4607
4481 2181
2081 4861
4968 697
709 3143
1713 4837
591 4775
3051 4647
2861 886
953 513
2037 1438
1376 4297
4737 2165
3756 4821
3551 2936
4987 2040
2458 3259
2263 987
1301 261
4007 1132
4938 1847
4021 2591
1851 2639
3041 1573
2833 49
4717 4909
680 161
1321 4865
2782 1887
951 2176
651 2262
4785 4621
441 1911
2523 2564
4231 1715
1345 741
1513 2917
1051 4151
407 3143
85 4646
1379 3395
4862 1467
2049 755
2026 871
2237 965
2189 1087
1811 3867
2999 4414
2977 1209
3205 2031
1640 2881
598 755
1621 2111
3711 3631
3705 1681
3587 299
256 2881
612 2925
4577 788
1945 721
1406 383
4693 1183
2001 1263
4805 811
1248 2569
2068 3813
4129 4502
671 3991
953 2537
927 2887
3807 1262
69 2604
3315 4891
2729 3028
1125 2376
1699 4935
2457 3247
587 2595
4779 2655
1597 1002
3529 1357
3227 4203
2547 1500
4508 2685
530 2211
99 1363
1455 2611
2745 2641
2531 179
3681 4925
2501 4664
33 183
533 463
4377 137
1211 4092
4746 1155
4677 3728
929 2870
449 3945
1291 356
4579 1992
4526 3723
4175 726
3021 2971
955 4031
663 2062
1139 3878
629 4227
2301 301
4427 4523
3742 1167
1251 1426
4501 1501
4449 3484
3981 674
1364 605
3005 1311
2937 1123
1021 2711
3781 3884
357 187
4517 2175
400 3201
3621 3805
3849 4203
4359 1540
2720 3761
2325 3676
4369 1388
1571 3271
589 2607
3961 121
1651 1806
981 757
1112 1057
821 4421
209 505
2831 4140
4035 1846
2581 3311
3726 971
617 4243
3126 3751
2953 2440
170 631
2586 2215
2247 4182
1733 1717
3870 3991
3215 3766
1149 1794
33 3979
3865 1841
2171 2056
4641 1529
301 4181
677 4752
1834 2047
3446 1091
2351 3011
312 1713
2485 3886
1194 3319
2601 4666
4252 957
881 2973
2553 4565
4001 1460
593 4503
4101 1221
1884 4205
161 2461
191 1191
816 1265
3101 3540
4527 264
3953 783
1084 4893
986 155
1671 3194
545 4361
4946 2691
4705 3046
3459 1754
2139 1410
1725 4301
1679 4548
372 4645
1225 2926
2871 11
3048 993
1033 453
2622 503
3157 3019
3905 671
3966 2891
4281 3341
3156 4893
2885 1731
905 3816
3136 2441
4244 4565
2001 1529
1941 3158
4093 3032
321 4819
36 3317
3769 3073
3135 4356
4771 811
845 2111
1291 4106
1 3751
1356 2941
3543 183
1429 2533
4535 971
4441 3044
3823 1839
3479 4088
233 755
497 2769
3247 707
1377 4733
1141 4791
1925 4101
2865 231
4865 1406
2315 3131
2737 3545
3096 2569
3781 365
4902 1335
4406 1939
2372 2493
3327 3035
3115 4371
797 2983
2390 3231
2266 619
981 3420
625 1
2005 4971
4334 2279
215 131
2992 4449
3101 4111
4281 1744
4811 1411
3503 3850
4405 3096
805 4546
1031 3331
3514 3883
4698 3619
1391 3511
1528 4017
3367 1587
713 1492
4690 2411
1382 403
2471 3871
1093 3229
4193 4693
4285 566
4969 404
3041 4633
4811 91
2171 448
1059 2047
4813 3589
1877 3074
3219 4663
1289 2410
1268 4509
2356 197
3887 3108
4294 1647
1263 4984
4681 4669
3460 3581
1701 1186
201 1017
2185 2556
4522 3019
2791 3719
2055 316
272 1897
3479 3647
4781 3309
2411 3016
2801 4973
189 1005
205 2021
4385 2731
4827 4647
2215 471
2653 1383
849 1229
3389 4279
3346 971
1083 2603
3315 4806
2729 4905
2627 4628
351 3676
2772 3197
3546 2047
805 4436
3759 4892
2045 1661
2049 3058
3353 3093
1949 3173
1217 1973
647 664
4000 3001
4399 3312
4801 1881
760 2561
1401 1489
3441 3321
306 2155
4725 526
3612 4349
3336 3673
4369 1027
2731 4332
905 1991
1531 716
85 3981
4481 442
3051 2447
4719 3219
57 3179
1591 4771
897 338
4076 4261
2305 2721
2105 2196
2023 4254
103 2919
791 1091
1729 737
2340 4141
181 1496
3858 4527
1303 4775
2273 1377
1043 1515
1315 3671
1066 2439
3316 709
2790 111
2427 1555
3179 1855
4441 3405
2545 2721
725 3851
441 2041
631 3071
4577 169
2033 3002
2545 3381
454 1635
1076 1061
889 4729
1026 451
669 557
42 1735
469 1349
1232 937
2337 1749
15 4271
1721 3384
4161 2066
1293 2054
4009 2893
10 2571
309 4063
3792 809
3691 1003
4109 4814
925 951
1481 2384
3465 3611
4145 1281
1935 1906
4035 2291
40 2081
2609 3857
213 4020
861 2452
3745 781
4953 785
927 4048
4045 1871
2551 3608
3429 4704
4502 2099
4392 2097
861 2696
3951 592
3743 1855
3761 1141
4615 1031
4776 4201
1171 1591
941 197
805 266
3751 3751
2923 1887
2529 4959
3667 1367
499 3495
4081 886
3513 3827
4951 2360
4551 304
3960 681
3403 3283
4563 3923
2798 1603
2495 2731
3163 2220
4381 1886
1206 3099
3559 299
1238 4107
841 1161
4378 4247
2681 2297
2517 2560
3003 4539
1113 4105
4205 581
3401 3993
1151 4851
1486 771
1991 3291
686 4199
3349 4869
1306 4155
869 854
3647 1124
1273 1797
1658 2883
4251 4451
3129 4249
306 1631
4864 2609
3789 4019
777 4377
4511 611
1765 2416
3817 1225
3479 555
1257 47
1628 3717
3126 1251
3592 2169
4349 3135
1187 4344
2691 170
4857 2202
2101 2746
953 1273
2421 2356
522 4107
1621 2044
4968 2977
4618 2635
707 4847
4051 2976
3494 1247
3450 1051
3106 2755
2516 2477
2379 3919
3963 1143
909 3637
801 837
417 2210
4355 4996
1021 2621
3899 4567
4295 3171
4538 4583
101 2651
3391 1420
2187 3483
681 3784
3955 1991
3901 1581
671 2544
1776 1705
2697 789
1241 809
1181 3196
1675 2076
721 3931
4761 791
18 1287
1822 3403
2479 4428
1941 1789
1201 2901
3371 2746
183 3998
2996 1709
2145 4721
2652 3749
645 2221
2641 4331
4536 3377
1798 183
413 2778
1951 3351
2968 3217
3921 2093
1001 4501
2189 1498
4220 2181
2641 1156
4689 662
4876 1453
2389 2229
1301 2466
2658 2147
4295 2171
3561 861
1537 1088
4556 4741
2001 3001
2672 1273
4309 3192
2181 1111
481 4848
673 4935
1665 3961
2551 4736
1526 1263
1251 1966
1655 3646
473 977
2297 4080
3857 1657
4651 976
373 2055
1025 201
2021 3424
1203 1324
4449 1123
3927 3700
3295 3931
4921 4169
1 2486
2704 2569
3251 4571
2851 4726
1718 3227
4521 3418
4025 2176
2466 411
3809 1873
1371 211
3469 4702
4817 3102
2463 4782
4701 1261
1137 3557
3334 1103
1931 2896
4686 3099
685 3181
2895 4666
3059 2188
3021 2227
633 715
3959 500
1901 1181
3796 4181
1839 4535
2501 2069
3737 1577
3706 1991
1033 4213
1156 741
552 825
2660 4941
913 1294
2017 2034
3239 2248
1131 4179
1373 3685
2169 219
4657 3245
3479 2667
3406 3891
1988 4805
4481 3343
2896 1345
4113 2528
3651 451
3807 3203
3792 2945
4449 729
1997 4485
3929 2064
582 4659
2122 4163
3505 991
1749 4224
4624 2457
3921 1036
1165 4261
1521 3281
4228 4277
4440 1121
2101 3101
3447 35
3311 3380
3785 721
2655 3491
4301 2551
4051 1451
3752 4577
1456 1441
2701 3431
4875 3876
1909 2135
2553 1097
1735 3331
425 2976
1586 3319
1345 4521
2159 3498
4061 2669
1841 4881
4433 1302
3353 2329
1094 1383
3819 3260
1667 575
4387 4643
2098 3567
1081 3969
3751 4723
4455 116
1705 3741
1548 1165
3154 4155
710 3171
4378 4679
2026 2471
2345 1881
4601 1716
1323 3767
3126 1251
1473 1927
4697 1204
3977 33
4901 1101
2067 4003
3123 2487
830 3411
2923 4602
449 2859
1486 1843
4351 3291
2373 413
377 3897
3271 4227
1328 1289
828 4317
3005 4581
3793 3383
1211 3311
2905 586
469 679
3401 2201
2687 4639
2181 4403
2551 2466
1473 2185
2755 2331
2666 439
4425 1451
2136 1481
1686 763
1653 4152
2311 2966
1463 3712
2945 181
3985 4981
2253 1543
1791 539
634 4799
3497 339
2441 1645
1572 173
875 751
3237 984
2897 3177
3121 4841
303 2879
401 3259
4587 3894
2147 939
4531 1710
2850 351
3484 4069
3117 2798
4626 1635
3272 4153
3551 1531
1046 4059
3829 2120
3213 3485
1767 3390
621 462
4551 2551
4290 831
1373 2278
1588 3285
1823 3912
3021 1988
2253 3085
931 3035
2781 3373
582 4075
3577 3617
2931 1206
1535 566
3266 4311
3466 2331
2040 4281
2866 1899
3943 4063
645 4186
4353 3707
2751 4258
3597 284
141 706
1617 4085
3388 685
2256 3841
2081 4107
3217 3757
795 671
4297 783
1169 4029
4776 1641
4511 4683
4548 933
2687 2343
1177 3833
2601 2071
4857 1569
621 2357
4390 2191
2201 1031
3961 4675
537 538
601 26
3051 2551
4846 299
331 3311
691 731
1331 1586
2981 4811
1209 2377
4919 3867
2407 2758
328 1889
2244 1613
726 3479
3681 1811
201 3041
2464 2033
4246 4483
1426 687
1820 1941
3839 3747
77 925
3956 4669
2173 4959
1301 3419
4265 4121
350 2951
4091 1371
3541 2706
4563 2907
1812 29
3271 4860
4729 3497
996 3925
4770 2471
311 623
4250 3251
1678 579
3440 2321
3917 1357
4914 4227
2578 3359
3127 3827
4619 3952
321 3211
3893 1293
2893 3363
5 131
185 3886
4551 816
3222 1219
4234 2383
3425 901
3079 423
2121 4841
609 4617
4965 2971
1311 216
2345 1591
2323 2058
1141 3795
4277 2109
3689 2317
1206 979
3189 2482
728 1745
1641 3206
3681 2241
473 1219
2597 2717
4081 266
1310 2991
315 4531
4623 1608
4955 1896
1531 1047
3111 2888
2405 1266
4221 2935
876 4637
2051 1276
2329 4529
3113 3572
1313 505
481 3849
501 1053
4957 3023
2747 4230
1501 61
2984 1537
1880 2081
3741 1080
4751 3776
4957 4442
4782 4959
4720 3041
1011 2298
2911 2912
261 3655
4461 3533
3193 545
761 441
1167 2838
2432 529
1169 4353
4701 2061
1737 845
817 1537
4151 3115
4801 26
3341 3595
3041 411
2725 1776
3281 2340
4141 1411
36 1837
1593 1640
2361 2221
2961 3441
4584 4625
4376 1937
2473 4137
1876 1901
836 965
2023 2599
2537 519
1788 4005
2721 4283
4420 3181
4431 1466
1913 1259
3135 3616
1794 499
2353 3827
764 765
2317 4269
4006 211
351 2551
1979 1980
4351 4571
2830 3291
2863 2179
316 4741
211 3652
3027 1460
4744 3089
3193 3809
1004 2269
1876 1901
4273 3473
557 2864
1207 3800
3973 1110
3627 367
3551 511
3751 1266
3083 2728
4589 2807
1781 687
3700 4101
2091 2731
1229 1619
3209 3287
2297 1753
758 3339
3867 4607
1556 1141
4953 3873
1184 1185
1324 3693
4443 3874
4771 612
2546 4111
4767 2419
1901 4011
1492 4965
4021 1261
3307 2202
1705 806
197 2365
781 1716
3957 3958
2061 3966
4956 4341
4681 2241
697 2789
1481 1089
627 4390
1836 4341
4642 1779
2190 2191
535 3171
3097 4777
361 3611
611 612
510 191
987 2247
2472 1409
756 1461
2169 3677
2789 2038
1176 1161
3882 2983
2055 1586
2929 3433
1331 4931
4039 3274
691 731
4351 339
1 71
350 3051
252 333
1455 2566
3903 994
528 377
2058 2887
1561 611
1251 2551
4075 3026
1791 3506
3262 507
3937 2993
3214 1783
1627 4287
1186 931
428 3989
4121 2969
3271 1448
2630 231
3976 4881
3452 4397
2001 51
3544 3985
1248 3633
399 1360
541 1362
89 2760
2481 4241
1801 2066
3341 70
409 3089
1793 4272
4532 2365
4950 4151
977 690
3749 4997
4769 4755
3197 2789
1024 2225
1641 1488
801 245
2569 4555
928 2897
613 1685
3444 4109
2141 4871
1009 4217
4811 4984
2721 2211
393 1573
892 1197
1999 943
2801 3663
1209 2480
1929 1173
3785 3971
609 1219
1329 3793
4385 81
2070 3691
3891 1731
2798 2567
3009 4433
521 2925
4636 4445
876 1901
3770 2431
2979 972
1481 4241
1901 51
4361 495
4919 1194
482 123
3652 3605
4259 4807
3165 4581
4865 1761
1729 890
3528 2265
4865 821
4401 1041
4271 3963
1881 385
2266 2291
356 1717
4861 549
3081 3241
4971 4943
1351 4306
3769 3527
2961 4221
1049 2589
4368 3977
846 4231
665 2561
2570 3131
3696 4361
2211 2386
1377 2982
2476 2141
2257 4029
4034 4259
784 785
2601 809
4242 279
1384 2729
4424 1409
777 4729
1601 26
3901 823
35 631
4355 811
3077 775
333 1989
3743 2207
4423 190
1835 1011
3937 3662
2781 59
4225 1176
2469 3203
3751 2551
2321 705
4975 4276
3461 4583
1981 3013
3733 1787
1066 2159
1625 4001
3513 3105
1288 4473
898 4003
1331 4931
3905 581
579 55
3561 246
2620 741
1406 2331
321 2977
4313 192
3408 1073
2333 3989
3 139
1615 131
4711 4886
4457 1969
3632 2217
213 965
692 1365
807 35
276 4045
3987 2195
2506 2531
3391 1956
421 2527
2804 845
3189 4568
2991 3704
2176 4401
3310 4511
1968 2497
3755 2731
445 131
4061 3027
4735 4966
4697 608
1345 4561
4300 4301
477 2863
2307 2263
331 4966
3608 3497
2221 3283
4741 2411
3097 4777
4245 171
465 2321
2529 1625
1228 3157
3341 1821
2241 4821
3059 4535
1871 971
2483 3879
4139 727
4561 2441
1845 1421
3013 1157
3941 2293
2323 1815
836 4197
752 2257
1297 3892
965 91
4873 3905
3561 465
3011 2595
833 1653
1169 1437
3021 1261
1448 2265
4695 3171
4305 4441
2441 4057
4929 1025
291 1588
4700 2101
2913 3999
1527 3595
2537 2517
938 319
4735 4631
4779 4780
4358 975
146 1279
4774 2063
4315 4586
1425 551
2370 2691
4601 3617
2497 4965
1483 3008
3116 4205
231 2311
3641 2436
3256 3153
103 2370
1711 4354
794 3027
789 2359
4907 3584
2253 2374
3173 2499
2276 2869
4845 1011
2476 1613
4091 459
3871 1131
913 1043
4436 3797
4213 373
3013 2053
814 3839
909 910
3617 745
1081 2297
2224 2873
3311 1355
2053 3379
2275 4226
2030 711
3997 989
3946 3111
692 4845
4359 3335
3477 4742
898 2063
4406 647
72 1225
2503 67
216 4041
2137 4029
2441 2641
3414 567
700 2301
71 924
1649 1173
615 1206
2806 659
2576 4401
3037 3259
4676 2549
1951 2923
4171 1971
4926 487
513 3209
3497 833
2721 1327
509 2487
1297 2257
4777 3534
3234 3743
1571 2267
2276 2421
2608 4337
1628 1517
2451 2551
3024 1649
67 470
861 4306
601 460
1539 1547
2905 4721
156 141
3693 1414
1766 4471
338 3719
213 853
4151 3967
3977 2713
1241 4821
3631 2979
4766 1343
1309 709
2641 4231
3409 2727
4093 3767
1365 1396
2046 3415
4545 1791
4141 2910
900 2701
3621 2768
4877 1637
2339 4375
2285 2986
4815 2971
46 415
1688 1345
4333 648
3561 4417
931 1518
1101 1061
4833 2653
1243 1132
4155 4511
3079 3215
3457 1308
3093 325
161 3865
3981 3861
1476 1181
1265 481
1043 2087
1917 4507
377 2065
2795 931
1367 2378
1623 2068
1629 1517
4902 4415
4741 1533
745 1706
205 3941
2643 504
1261 309
41 534
932 3213
3134 1247
631 3835
3393 363
3309 4782
1087 3915
4161 4831
4841 4984
167 4019
3070 171
3873 4635
566 1131
4484 3453
3216 3289
3765 3191
2851 1276
4385 241
530 2191
801 3011
3209 1197
796 3557
2574 1127
2521 3572
2111 4000
2439 610
2027 3379
3625 4751
13 53
3265 1121
4337 3012
1427 1340
4967 2955
569 4347
1641 641
4141 3988
953 745
1251 2511
3108 4053
673 4902
1381 1671
2973 543
4613 2199
3865 3496
4960 3921
3897 3529
1695 1106
1145 4121
2367 3112
871 2647
466 4359
2251 2551
1462 4475
2401 3021
1137 4358
4551 816
3201 3041
4177 1833
349 350
4217 2775
46 691
4041 2461
2215 2216
2920 3081
4913 4259
4959 2828
4089 1273
3738 3355
2483 4763
1705 941
201 4222
2696 4849
402 4875
2317 1338
3842 683
4321 1853
1649 4365
3251 3786
4943 4830
4233 3865
1547 3787
1847 3023
1169 3705
4865 821
3332 1645
2193 3949
2401 4011
3483 2015
4983 4763
3266 3587
1345 1521
1476 2325
351 2114
4221 1758
4569 2417
251 1276
2116 2541
223 3827
3541 2280
3701 1031
1076 2789
641 3206
1321 4261
1058 4727
4630 3711
2112 1593
2531 931
4008 4329
1615 4911
579 4687
1593 4209
2189 3458
4351 4571
3321 1236
4341 3411
2929 3522
1557 1558
4761 221
4313 3285
4653 3613
176 4401
1249 2487
1196 981
2153 2990
912 33
3433 2249
4295 1606
145 4641
4049 2148
3011 4584
4657 3537
1111 2216
1211 4496
1437 4725
1514 1439
2809 2698
2513 3008
571 711
3543 1490
4971 3087
3792 4633
3369 4119
1216 3241
3561 1831
2980 1421
1881 241
1093 3117
1051 1307
1919 652
958 4607
2726 3151
4473 1569
1307 2615
3351 2816
4776 4401
4790 971
4881 3813
3884 4693
137 1303
2339 1714
1027 459
3101 2213
4329 2425
3209 673
2235 1336
4117 3820
165 2096
3456 2281
2131 4420
1156 2397
4519 2204
1770 2971
1201 3016
4921 2552
2978 847
2291 371
3506 2531
1701 4021
3696 3281
459 3263
765 4181
1777 210
4940 1221
521 421
766 4555
2265 4831
1241 4857
3806 4031
671 1408
1325 3901
4801 26
26 1171
2964 237
1937 1489
3446 3315
573 213
2671 131
4470 3571
2641 3385
1419 4124
3321 4446
629 3370
1358 4507
3033 3948
645 4186
2929 4883
2021 3295
202 2323
4281 4968
2431 2655
2958 4943
2161 255
4582 4567
4309 4597
2309 3923
161 4187
4209 4689
2219 2075
2719 422
4803 3303
2373 2127
2537 593
2653 4998
851 955
2921 261
3785 1821
4471 616
3643 2224
801 51
2747 3399
4547 103
863 1042
1911 4242
3809 3305
2701 4360
4676 141
1966 4879
793 4275
3493 2525
325 2276
4988 4605
3733 1583
703 704
4564 1717
3217 2983
2401 2625
2611 4166
3215 2516
41 903
1560 1441
281 4671
4972 3629
1221 935
3801 3061
681 431
3873 905
721 3167
967 308
2828 3573
209 3377
1041 1641
666 4971
3797 1317
651 4739
2852 3413
4594 1859
2377 490
1381 2146
1734 4647
443 3480
1713 279
818 543
810 1871
72 1945
3675 2851
3817 1073
3377 3589
4701 2310
801 4006
3040 4921
1551 3776
1101 1061
2815 4411
3169 2113
2079 4107
2211 478
17 409
4547 3274
2763 3683
4121 3905
3701 4071
4471 4319
2151 927
3881 3811
4439 3879
3173 4997
2165 2581
918 4163
3928 3177
4162 4163
2327 3963
2255 4511
4983 4814
3732 909
3921 3209
4549 1020
2668 4685
2370 2371
2868 3605
4081 2649
129 419
1506 4879
2269 258
3461 349
45 1846
485 71
4019 2628
4913 1782
3027 4892
4390 4131
3415 4886
1 41
397 559
2011 111
3681 431
4573 4877
2202 515
756 1341
851 3402
64 1473
3229 2283
2513 703
917 1507
4582 403
3737 2007
4984 4857
1708 1709
2055 486
2127 4748
2291 1842
2369 820
3260 2141
427 4395
2413 4827
3981 355
2369 1355
3401 1853
2145 61
4885 2181
1902 4179
3481 2849
3301 51
3753 145
4321 3273
1623 3167
1403 2703
145 581
4032 4673
4683 4367
785 2681
3177 2497
3693 4317
2807 3334
3197 168
3612 1405
85 3146
745 3096
53 107
372 3973
4376 3137
1149 3322
931 828
441 4113
2548 3797
969 2288
1507 1858
4745 3681
1284 4125
221 471
2926 931
3115 2556
1811 4843
2366 2543
1643 863
1033 4133
371 760
1833 1488
3516 1349
4641 4257
3861 1661
4739 4863
2800 3201
3837 917
1467 2935
479 2455
3602 3439
2417 3009
101 203
2333 2658
559 1212
4441 2641
4745 921
3845 2616
1361 3611
1667 7
1 51
3749 4973
434 4323
4774 283
221 2211
1159 3679
4672 4833
341 3871
4252 2877
3196 2741
1161 4661
3536 4841
3676 1901
3151 2551
2941 4116
3021 4274
4636 269
2399 1567
3426 651
3442 4963
157 3322
4901 51
4752 4753
4613 1843
1068 1749
2203 2700
4175 3551
2061 1831
4070 1291
185 916
4913 3435
3091 184
1173 2845
986 4231
3666 2323
967 1087
3551 1164
4121 4841
4255 3296
4921 3579
3509 2379
3621 2261
2580 621
1996 989
4537 185
651 1511
3281 3745
2579 2738
993 2525
1916 3229
409 3089
3801 4006
4823 443
3141 4166
1182 95
3050 51
3858 1759
3346 1731
4731 4130
1177 4143
3396 941
131 372
443 1962
4886 3731
1096 281
4201 4433
4201 2011
2781 146
3613 3682
573 1932
1079 30
21 925
3156 461
1939 524
4801 1071
3611 4166
4851 1806
397 3263
1006 211
3541 1231
35 771
953 4309
3611 1111
4369 248
4285 711
1584 785
3035 2471
2977 1483
2336 1681
4980 4941
781 2811
4384 3369
4441 405
3879 3880
1850 3051
2481 3709
1598 675
1261 397
2961 923
3161 4772
311 4331
793 4033
2945 2396
1359 3155
4137 1193
4965 4581
2900 1901
3516 3061
1503 2175
3745 3706
2954 1127
3988 2437
3895 856
1058 887
597 2687
526 2099
1098 3195
3113 4617
1473 2219
697 3457
4036 1197
3901 546
2575 4051
2411 3140
3189 317
3779 4183
2601 3233
1621 2261
4136 129
794 2555
2713 4799
1395 1036
3413 2085
375 251
4663 2140
4353 358
2363 1507
9 622
4513 3573
4809 3923
1299 4240
485 3581
3705 3166
2441 3113
2875 4751
3499 3480
139 4175
2001 26
916 1373
1523 4628
3970 3671
233 3389
3080 2441
3121 4905
580 4061
3461 4994
2636 4813
2299 1898
401 665
1235 1871
1449 4553
2027 3919
3182 4099
873 3889
2543 3490
4828 4485
87 47
311 838
2933 254
2693 1949
3196 2741
445 261
2757 3038
771 4650
2029 509
1231 1232
951 1168
1161 1797
3753 49
1589 4642
1417 2673
4823 1107
1457 3679
1961 1388
1550 1551
3617 3617
116 2541
4855 71
2105 2881
346 2803
3920 281
3536 4121
1252 1277
301 3061
1237 2984
3729 3478
4125 3626
1903 2352
1477 1248
3909 3450
2451 1766
2533 1519
2777 3297
4540 4541
623 3707
4801 1021
809 3395
1765 21
2937 4473
4531 2807
1796 821
3876 1901
4438 1223
4431 3706
1835 1111
4157 612
689 2384
3342 1867
3787 4824
2739 1124
3945 4361
4595 2711
2640 2961
2437 3615
3789 469
836 4261
4369 4905
3401 1041
2218 1655
2332 2589
3471 1363
3751 3816
441 3821
3274 3167
4591 1371
451 4806
165 66
211 4854
3161 636
4377 3883
89 1425
4401 1066
2759 4674
2145 2266
3255 771
1783 972
3161 2416
4489 913
513 4105
4590 3771
1685 3591
4279 4672
3049 4157
2796 1741
941 3821
4551 1858
1490 4831
4325 2976
547 4770
4831 706
3793 2587
1985 2041
531 4206
2652 389
3177 780
4211 2111
1992 2689
441 3225
4225 201
1873 3715
4049 2667
1726 2083
429 3004
3569 4882
1836 981
4641 4871
741 749
1751 3543
4509 1924
27 298
34 1599
4553 780
3165 3571
4093 4628
3009 3505
2541 1559
3975 651
2161 3856
3317 1439
1087 2175
3020 4661
1596 861
3081 1269
1752 2817
1099 2535
3501 3029
1681 1897
1371 1131
1069 3208
799 594
4481 4431
4258 2775
1209 3033
1911 1022
2341 1821
3961 2661
961 2661
164 1397
2111 1106
2303 3575
2393 2472
4586 3091
2261 2133
833 1665
2879 3040
2540 4861
511 111
1961 2661
393 3865
1781 2468
4929 457
1707 1695
1096 281
131 896
2239 4410
1826 1607
4006 1055
3348 397
747 4652
727 624
3351 1756
229 1413
2573 1899
1825 2201
2721 3841
1349 1659
1828 2797
723 4583
4605 4856
2329 1109
1035 3136
3142 1255
3499 4444
3648 4417
2377 1065
347 695
3316 541
13 339
1221 471
3117 2990
3113 1600
4319 503
3685 811
1873 4889
2607 4923
2141 2821
3651 1907
925 4951
2945 4856
49 393
963 2150
4753 1049
4833 1818
1928 65
3777 649
288 1993
4433 1445
1131 3992
1345 2661
4340 1061
4343 1895
1855 3071
676 1901
2769 4685
1100 2101
2805 3661
1381 2621
3855 4391
3762 4339
3693 4317
1501 2556
4261 4136
4222 3103
3965 4621
181 1336
787 1943
361 2997
1101 647
1531 3063
4817 3413
3993 3889
3453 275
2481 3861
2526 3671
2401 1041
3120 1841
1079 3450
3617 2234
2521 253
2549 295
3105 4521
869 3678
2503 2618
1465 1881
2301 1021
617 4937
3277 879
2956 2989
241 4641
197 517
1203 1655
4001 61
1431 2931
337 393
1366 3327
4973 4029
1701 516
2001 1054
3841 2185
2577 463
3054 1323
1305 4811
2361 2221
2754 4439
1101 2021
441 2641
2017 2157
4036 4037
4825 1151
1521 841
1377 4787
4169 85
1979 203
3929 25
977 173
1017 2123
3173 765
2681 1449
4937 4623
4999 4947
3641 641
3337 3404
718 3055
1561 3661
4908 309
1619 3760
4952 2457
2353 5
4216 4041
4849 2149
1201 26
21 547
2931 2931
2981 1165
675 1176
2799 1770
3392 505
2590 3491
3753 13
1178 1179
2079 739
813 2155
953 2873
3401 2665
1319 1503
2608 3657
2299 4034
2127 414
3131 1966
2653 509
331 3206
2507 2830
3905 2441
2905 1341
2465 4721
2915 2471
2461 4923
1945 1681
2315 1491
1632 1009
1766 1855
4467 1219
4729 3375
1908 2173
105 2246
2361 2221
4915 156
2361 4441
4690 4731
3894 2835
997 863
1956 2581
4487 3195
2566 1791
2443 392
2326 367
2315 1586
3746 1111
3945 2481
2657 3455
2111 2107
521 740
969 3877
2273 3185
766 4791
2358 939
66 4291
1770 4471
832 4145
3515 2386
2423 3615
3923 1999
4944 4385
818 1719
3329 4780
3060 2021
1907 560
2129 2193
2931 1035
3599 4347
3113 4233
4073 4578
725 1451
2071 1835
1661 4933
681 4266
2327 659
2142 2143
3437 910
2109 522
4941 1874
3173 1343
4212 4213
4401 3021
4537 1297
2605 4496
4353 2475
2641 2821
2693 37
4493 525
3401 51
4015 4391
2845 4236
841 507
2249 3957
1881 3811
4485 646
525 2101
4725 4551
2961 1597
2009 2145
4426 651
4410 2891
4055 4796
4778 1787
89 3205
2290 3431
4113 4685
2624 2337
1241 846
4561 1563
3215 3256
4753 2157
3151 2551
471 2827
571 1560
4021 211
843 639
1855 2346
264 3465
3711 1060
396 2325
2617 2957
4609 2015
2967 219
2301 536
3920 2081
3037 1445
1259 3059
575 1051
4215 4506
2943 664
1027 4702
2404 1445
3746 3715
353 707
2507 127
4555 2411
3333 4999
1339 2222
3974 2935
4153 602
2187 4367
2569 3865
3265 2241
445 2566
3226 651
441 3666
4089 1357
4944 3153
4113 487
1388 4669
2742 2747
3881 836
2779 2824
2841 231
4610 2911
4435 311
2341 1936
1198 3387
3576 3641
1785 1391
816 1721
2257 3197
4131 1311
238 2139
2101 1011
4705 2921
331 2283
937 623
2928 3473
1601 667
4171 1711
601 4066
4689 3757
996 877
317 3632
4532 1429
1865 711
2391 2596
2927 4278
2421 3895
2541 2215
3817 1877
281 2249
1005 4071
2041 2452
971 4711
1304 4329
1410 4871
1716 3109
4001 3033
2313 3643
3403 4390
223 1339
1345 2661
1537 1889
274 1919
3081 2537
3478 3247
1345 3246
1004 2069
157 943
2653 2957
1429 13
841 3871
3673 4765
659 974
2205 3791
1093 907
1261 309
677 3802
378 963
1925 101
1681 603
1450 1351
19 115
353 3884
211 1267
31 311
271 4635
103 3503
685 3221
3061 2746
241 4641
1905 4541
2089 205
116 581
477 1679
685 2331
929 4729
3520 2881
2641 4307
1633 1045
239 1674
121 2261
2353 3827
261 1045
59 60
646 2779
1086 3667
2509 3014
3905 3206
1961 4909
1807 895
1830 1731
130 591
1597 2075
226 1131
505 1211
496 2441
2451 2551
241 2231
2263 3258
793 2447
209 435
2237 1192
1648 4497
1057 369
581 1621
625 3126
973 1272
88 2553
23 254
508 4813
3655 1991
2302 819
705 2756
1944 1377
2089 1163
1761 1856
1233 4525
1681 2241
323 4523
3382 3359
2398 2299
1303 394
1729 329
1243 3562
1404 2293
1975 2826
2593 4465
4289 2364
793 4517
129 3257
1335 1411
661 1611
325 1701
34 375
962 4823
178 535
1600 2401
2685 3786
577 773
1429 2880
2420 4221
1181 4680
2745 4506
1882 2107
50 351
1769 995
3706 891
1592 3905
1436 3877
377 2720
826 2391
533 4925
17 35
811 2166
239 3347
551 2123
344 2409
129 2065
2577 4313
493 214
286 1303
1726 4095
2401 51
1411 2331
760 3361
196 2741
590 3291
1255 3846
785 1981
2977 2897
1585 3041
1837 4600
1981 374
477 1219
1975 2951
2258 2739
393 503
1093 1837
553 3158
23 24
1486 123
163 2935
889 2894
586 2855
449 2185
163 4402
4155 3386
1594 3039
2289 717
406 3655
661 1611
1761 2485
1317 1877
2647 1175
119 239
2145 3641
1008 4153
1117 4628
1063 4135
4489 253
78 859
3845 3391
3037 443
993 1777
1653 2528
485 1341
1067 2743
1141 3359
2241 1713
2301 51
199 1568
645 4671
281 621
27 55
208 4353
121 1211
3649 3537
445 1466
871 260
443 2532
1333 4322
487 4384
136 1225
1973 2218
2078 4227
1063 2718
2143 4294
1684 885
1846 3071
193 580
691 731
1296 361
2861 885
1654 2967
309 3653
1276 77
169 4733
361 3665
987 2247
659 4227
904 3873
1201 4021
742 3939
2025 3151
3605 141
213 1290
169 1353
3017 4987
46 231
2059 892
2108 645
62 3783
579 4687
29 59
621 3503
91 547
1837 3688
1765 1486
3763 3359
1953 2497
3017 1885
801 2817
760 3361
1057 1509
371 3728
4217 1757
2015 1796
316 1061
6 7
1377 4212
1119 3118
1805 4006
1243 768
1837 4917
511 1062
1769 1989
989 1429
1729 1684
433 785
204 1429
902 335
185 4256
2598 2695
881 3765
406 1091
703 2963
1176 273
73 1753
218 1759
4621 4987
988 1437
217 3907
3305 81
761 4460
3529 2328
1751 2571
1181 4680
4155 3386
13 14
2729 77
2209 689
2281 1861
1933 4125
1351 2955
3151 1796
298 3279
2419 4342
513 1417
703 3982
801 51
898 23
419 923
3069 1072
937 2489
921 1841
33 34
534 1895
2233 389
3081 565
545 2441
761 221
3641 4333
1153 1509
865 1141
511 331
2538 4135
1559 3920
1451 4159
505 3181
111 223
3137 673
1191 3371
3 7
1373 3445
1723 644
118 1535
1084 1789
1045 2621
169 2029
609 1572
2031 3900
1321 1705
898 23
2341 1733
193 1159
3201 51
1067 3748
1729 1684
251 2511
96 481
287 2463
445 1466
45 181
460 3461
266 4099
1787 2907
2653 2957
2161 3729
1327 2678
2146 3695
271 2711
743 4380
79 475
1387 772
685 1031
124 373
209 435
599 2788
913 2042
201 26
806 3211
1576 161
716 4381
49 1177
141 4871
35 36
631 3396
59 1712
2297 3633
1057 1509
476 1901
443 63
1518 1167
541 4477
49 295
1089 4697
289 2602
3037 443
343 3035
988 749
2177 4019
2661 1271
411 4111
337 4045
1343 4547
435 1091
2177 3037
581 1621
231 627
141 1975
2806 3107
813 2765
2416 4561
401 26
56 281
559 32
1185 2921
1541 3903
415 3636
2801 1071
1783 1283
837 904
701 4815
391 84
1673 3575
2297 4178
1591 4324
2212 3205
1764 853
361 2889
2311 1771
3081 671
1873 2397
329 2633
339 4408
1625 1001
46 231
35 36
1981 3861
1489 2319
351 1756
2945 471
1189 4238
331 1656
1837 1133
1596 1285
353 2767
106 1591
1045 306
3295 996
2047 2552
3820 2741
2727 3167
1513 3547
3741 756
1149 2110
902 335
1051 1531
657 1938
551 306
3597 3627
1486 123
2905 1731
3619 427
61 3661
163 4402
811 1496
169 677
1923 4614
2969 2358
40 41
229 3703
2333 3650
406 1091
400 2801
316 1061
925 1051
1015 1391
631 4466
247 128
391 3911
1721 4004
589 2069
1282 3203
196 2645
2549 4902
145 221
127 2668
35 596
929 1942
701 4815
481 2216
58 1103
2441 3902
641 2821
1837 4600
273 1093
993 784
3381 813
1825 3401
109 1309
3796 3781
3655 266
625 4376
1881 241
2656 1705
419 4219
2110 3071
133 2927
369 1975
2602 2703
1217 3124
793 4275
443 760
277 4114
3905 3206
2465 3041
595 3091
415 2471
1317 1900
2871 971
3061 2746
1905 4541
947 722
256 3841
470 3291
1377 4212
2926 1671
3661 3322
306 3667
577 3849
601 4425
851 3935
57 229
1223 2482
2680 2761
407 1804
1369 3034
1981 747
2584 2793
2255 3731
443 760
1856 4961
781 613
1248 1193
1451 2080
1408 4569
989 2583
474 215
947 722
2839 2375
2406 1391
2419 4979
141 988
622 4307
97 292
3051 2551
1740 1781
761 221
261 1787
704 3377
742 4099
400 2601
1549 1608
1081 3241
1936 2121
931 2723
1729 2993
38 1407
1306 3771
2205 3791
316 2845
476 4045
408 97
124 85
337 4719
1063 4135
1665 1581
211 2386
3796 3781
181 431
1587 1808
1006 91
273 1093
271 2318
361 3611
1801 3061
141 2821
341 1706
1179 1550
445 341
1291 514
796 2189
2721 3841
2492 2077
4489 253
937 2489
2977 2897
2755 506
2151 2551
1381 1764
562 1183
1609 2804
406 963
309 3597
3520 4521
296 1481
769 4229
161 806
508 1605
3597 3627
1009 1505
732 2445
201 2011
497 3977
436 1541
1181 4680
253 4555
36 253
3446 3991
2915 2006
1106 3803
326 1631
133 533
1891 1731
561 4636
833 3317
1345 3246
1156 3581
723 2475
441 4405
3151 1796
1429 2880
253 1519
829 4949
3961 2661
1873 2429
1633 3385
769 1913
2641 641
365 4491
529 820
1021 631
1597 1030
461 4611
1366 2811
961 1505
3771 116
621 2421
43 1807
604 469
1450 451
518 4347
133 853
2605 4411
487 3150
351 3511
120 841
111 2443
407 699
834 867
123 2504
233 1758
661 4831
562 4555
1222 327
2745 4506
2092 773
1354 515
469 629
193 2317
91 4096
33 34
2113 4730
541 4346
1646 2363
2833 2148
991 4596
1132 2829
169 4733
683 2514
1303 4727
211 4771
417 3345
1261 661
153 2908
561 3977
769 4229
133 3779
3845 3391
55 166
841 93
1123 4119
3481 3861
1191 495
295 1196
121 1453
613 422
271 4066
1861 2692
451 1276
2761 661
1361 2549
246 2055
31 466
970 1491
1210 2511
3307 1807
1231 1931
3181 3594
2402 2699
129 4129
1297 1693
2881 2861
1541 3149
3313 4025
243 2674
64 193
1201 51
111 556
1933 4125
1717 549
1190 3791
1219 703
749 1479
46 47
1395 2196
2685 3786
875 126
2839 2375
1177 4435
261 1966
2279 2487
217 1954
249 997
494 4327
463 559
22 463
2029 4132
3329 3057
1354 4683
617 2277
2851 2551
265 3181
1379 855
2661 1271
799 544
805 4661
205 2461
973 2515
1535 566
154 1387
801 1021
77 1464
73 1753
2915 2006
1591 2731
1825 2601
16 17
925 3851
2406 4023
469 4222
1081 3241
406 1091
1072 2513
2791 596
4289 2364
637 2645
1089 2425
1681 2241
513 3209
1535 4911
419 4610
3457 1679
41 821
4411 3771
249 2720
87 3742
4149 3090
397 2469
1925 1226
1750 2751
469 1098
2146 3031
4149 2133
45 496
1277 4067
961 1505
2857 4993
3478 3247
469 1885
701 2526
1006 91
337 2697
211 4771
1243 2375
4201 2061
295 4456
346 191
681 1578
130 591
1726 4095
1243 2123
2101 2071
3173 3554
379 2654
2280 3041
1721 3841
560 4081
55 331
20 21
617 2277
3589 1629
3905 4921
2773 4700
1519 3419
3367 2223
433 785
1633 1045
1939 524
2047 1915
1055 411
2445 2141
271 1627
3844 2173
3246 3531
2465 3461
457 2367
2843 4895
1126 3151
805 4661
351 1756
2443 392
1015 1391
1513 3547
1981 4146
201 805
2071 2131
769 4609
697 427
1431 3016
122 1343
872 1337
300 1901
61 123
1366 2811
136 409
991 407
721 1537
736 761
43 603
817 557
1303 4727
256 3057
1312 529
99 4852
2333 3650
1313 2017
301 1021
523 168
661 1356
406 963
2227 3535
313 2513
43 1807
3829 2083
993 889
913 3825
3201 51
351 2551
463 280
1486 1731
306 1531
1381 2621
2379 2540
221 2432
274 3563
281 2811
2421 3156
599 3778
1057 1913
3081 671
885 3011
1210 2511
118 1535
1190 3791
11 23
676 141
829 4845
716 4309
56 617
1387 515
109 655
125 3876
57 1597
3061 3661
1327 1754
65 1041
109 3925
210 3991
2146 3695
1857 4425
625 1
1882 2275
1387 4128
2406 1391
129 517
1702 2227
2755 506
885 1021
939 2914
161 1289
2531 1427
733 3797
81 811
1567 887
353 2767
1167 675
76 381
313 2505
946 4867
631 2086
1675 226
673 1537
518 699
705 511
3605 1066
1176 4401
196 2741
319 1915
721 1537
2761 441
723 3738
14 15
155 1086
2821 2588
3945 3811
326 3151
3753 1452
139 835
121 3631
2707 988
2853 1239
3431 3120
452 3533
513 4105
337 2023
3128 785
1189 4207
2614 139
397 4368
1000 2001
1326 279
1281 1241
1793 409
3103 842
1001 21
286 435
271 2196
1051 1786
1291 3731
337 2697
2109 380
477 2437
715 11
2179 1908
149 597
205 1231
2701 1546
323 4859
2949 2584
2022 35
751 2531
1912 3689
1703 3339
1121 4236
617 2149
2177 4329
2977 2897
271 2318
2025 4101
612 2957
1009 2379
989 1429
1887 2368
2561 3905
68 69
37 112
2161 3729
1317 1900
1889 1452
1065 471
1915 3196
2993 1693
1255 3846
298 3047
766 1491
121 1816
1465 4366
3499 935
419 4219
801 26
289 3469
1497 1797
441 4405
2761 441
50 2451
1861 1661
199 1792
573 213
951 3776
217 2605
199 3583
2113 4730
1601 4041
55 2971
421 53
2243 235
85 256
218 1759
897 233
337 4155
800 3601
51 103
541 1493
2892 1709
2041 4092
807 492
1891 96
145 871
2538 4743
141 3949
1681 431
739 300
341 3189
177 2833
191 3630
595 356
470 1491
1240 1041
2258 3547
1289 4295
421 895
433 785
2625 2626
991 4596
612 2957
1162 1375
329 3490
40 41
163 490
177 2789
3763 4492
521 3547
1055 2936
3244 3837
726 1055
3250 251
277 1109
955 616
1973 2218
1501 31
393 4258
589 3862
1241 4821
2047 1915
221 2156
2666 3291
281 4671
2401 249
568 1929
76 1141
505 1211
183 1282
1361 1275
2745 4506
73 1753
26 27
1761 1856
210 2311
3641 4333
1697 4305
1873 2397
3151 3514
353 2825
2381 3336
533 128
1681 861
28 29
48 49
987 3624
106 319
78 547
67 4423
286 4291
1205 1816
1926 2411
736 761
161 1289
53 1379
1122 1319
625 1251
320 4281
541 4346
781 3431
4285 1381
343 2059
1093 3419
337 2360
1205 3741
1201 51
781 613
1401 4036
829 4923
113 1583
136 1225
1312 177
826 2391
1324 3413
2993 3525
204 1429
1706 2887
121 727
801 2041
1103 1915
445 1466
661 4085
277 3325
1191 495
737 1952
1665 3281
661 1814
1465 4366
199 3135
2184 3857
231 2311
457 1050
181 1087
2917 2519
393 3145
141 3949
239 3127
3291 4678
1081 3917
2881 4385
3727 2164
2420 2781
343 3035
1513 2365
736 457
841 185
3658 2403
925 4426
109 3925
519 4204
921 3421
673 769
1093 3419
677 205
769 3457
631 3835
56 281
1141 3359
1561 1466
2737 1377
46 231
4149 2133
2184 809
401 1041
581 1621
3417 1353
2113 2617
2406 1391
1506 2711
139 1395
169 2367
2785 1531
1151 2551
1105 416
103 619
1569 2865
426 651
2221 3261
37 334
1928 617
2289 4029
1041 4133
595 1546
4155 2611
226 651
2185 1771
1157 3677
1666 1643
2517 1157
33 529
2245 3781
400 2801
931 2931
4411 2894
1951 3531
118 1535
163 979
1981 374
3686 1963
407 699
4027 783
85 1786
465 3486
3329 3109
7 15
205 616
3423 1958
2179 3815
1683 2615
31 32
421 2948
2174 4135
1335 2431
729 207
3585 761
2485 4191
401 3209
199 4379
209 3345
172 517
1249 4977
704 1049
676 3253
197 4654
841 185
1926 2411
1341 1821
226 1131
397 3735
181 906
1261 2699
3051 1112
2692 749
470 1491
738 3119
385 4641
397 2383
1600 601
19 115
1025 2801
1892 413
346 2959
761 3919
2941 871
1201 3825
1681 3836
1381 2861
2381 1909
433 1929
3673 4765
302 2115
81 3241
67 1475
1864 329
2977 4575
97 1165
586 3791
3499 935
1249 3712
1961 2271
932 2709
171 856
1122 1319
1327 2678
1599 154
217 869
2075 1576
511 2375
799 3559
591 911
1149 2173
407 1804
630 3311
226 1131
2194 4343
218 1759
1251 1276
101 1011
571 2131
2049 569
601 51
541 4870
1273 553
1973 2083
2806 3107
3128 785
1588 4573
1793 409
218 1527
2201 3041
4341 4143
211 634
2701 51
985 3641
1422 1239
89 713
573 4899
3083 1562
613 1264
313 2208
2075 1576
197 2759
664 3633
2053 863
2395 591
1345 321
3246 3531
141 4936
872 3425
1026 651
388 3493
2807 1228
2917 2519
3187 3034
497 2953
1621 3357
2109 759
732 1477
1401 3021
541 4215
184 553
1282 1923
3151 571
876 661
859 3502
1786 1087
900 1101
217 3907
1588 4573
1381 2861
3741 4389
37 38
1129 3064
1009 1190
1335 2431
3316 541
201 4021
451 4511
297 2377
87 3742
3361 3217
1729 657
776 4401
518 4347
919 1870
2881 2861
1537 4185
253 2085
449 145
715 2156
1458 3527
4762 3579
704 1049
3877 990
1475 2451
690 3971
297 2377
93 4279
421 4736
732 2445
1084 597
4027 648
241 1447
732 2445
1721 3841
421 3421
1723 2367
3649 3537
11 56
1592 3905
23 24
1293 2925
1891 96
730 4711
34 1123
1476 2085
1233 4049
1174 4959
769 2305
183 2380
2451 786
137 4317
1141 2821
58 3307
3382 719
199 3583
4693 4125
1281 1985
79 159
505 606
551 1062
2965 4181
1961 3636
2051 4092
1948 4933
313 2513
1174 4875
1653 2528
701 4071
1549 765
3187 3034
460 2421
4486 4535
257 4113
604 437
514 3879
1977 2805
1140 1381
65 261
2881 4385
1335 3716
2332 1285
113 1809
766 1491
501 51
638 3295
235 2116
1233 4049
248 4713
1476 1901
1601 1233
781 613
2801 1071
51 1276
721 957
565 1781
2341 2166
1156 4277
41 329
2729 77
213 853
313 3757
1041 1641
1057 4763
4625 4501
266 4099
89 980
685 2331
875 3251
3706 891
385 4241
4341 4143
751 1266
931 2723
187 562
257 1029
137 4317
1681 861
2868 4949
177 2789
1787 2907
89 357
1933 1187
33 34
385 3081
2485 4311
311 1556
4291 3916
1531 3082
201 1006
1123 2060
613 518
407 699
1358 123
1074 4739
2605 4411
129 1033
1405 581
91 183
947 722
34 103
946 2571
2209 2422
77 2927
3083 1819
1513 4469
321 2569
1185 3846
3121 2866
2476 1181
723 3738
89 713
281 3935
124 373
2705 661
829 4845
781 621
3605 1066
1936 2121
875 251
1291 3731
401 4011
2313 3643
1961 2271
2449 4900
2492 2125
553 1637
869 2167
1189 2104
181 431
2256 4081
47 2163
121 969
469 629
1381 2621
311 3111
2575 426
2167 2347
862 343
586 1371
247 1483
301 3613
136 681
3056 3641
568 337
1026 2067
1888 4857
716 1541
701 4021
133 1597
481 2216
2926 1671
2011 331
409 2813
202 3535
496 2321
361 1246
442 4283
28 757
3217 540
301 3061
671 1711
2968 4793
1171 447
2710 1531
1750 2751
196 589
573 2607
1737 2695
1735 3486
1275 2476
457 485
568 1929
1565 3211
2157 4909
955 2191
1501 31
280 2521
417 1673
1954 575
2653 2957
121 606
435 3486
2882 3095
1401 4036
661 1814
1387 4128
236 1181
1519 4875
249 439
2311 2106
611 1111
2036 333
514 3879
42 1723
2321 2841
2545 2161
552 1009
13 79
541 3116
2951 4110
3037 4703
596 133
169 1184
2302 4779
15 106
58 59
301 4516
237 3984
161 1611
785 3961
919 1247
1651 3967
3191 506
1358 123
1297 39
101 2526
4072 969
141 4871
727 2983
1457 797
249 2720
4551 3571
171 2908
729 207
324 1157
577 1925
2480 1161
778 3787
177 1417
2333 3650
2224 1737
2031 1086
223 1339
2731 2516
551 2123
2241 3425
137 2330
1861 1661
2959 1623
1033 4420
2625 3001
241 1447
1189 4238
1540 2781
1892 3653
919 1870
2091 4459
41 821
349 2095
1162 4967
2129 903
1828 165
151 756
2101 3536
391 1731
211 4432
1588 4573
3011 771
3106 4771
247 1483
901 2437
2171 1971
67 135
31 156
33 265
289 4625
1223 2482
801 633
392 4017
3214 3915
197 1380
127 2668
2026 1171
2321 4619
2107 2174
1054 3459
785 3466
337 2023
77 309
4831 3340
2419 4979
1851 3488
1828 165
1975 2826
505 4141
93 2140
3482 439
723 3738
16 81
817 3890
1282 1923
2280 3041
1587 1263
262 2359
1711 1996
625 1
919 624
1837 2459
637 2645
2721 29
111 1106
89 357
60 3541
595 2131
307 220
1471 2080
2113 1425
1157 4670
755 4631
435 1091
2313 3643
133 1464
617 3575
325 2926
2905 2821
2661 1119
2047 2552
235 1111
2745 4506
209 1673
184 553
1321 1705
125 3876
2386 1459
421 4471
5 21
911 1886
1297 39
3214 3915
91 4096
121 1211
913 4695
561 4636
381 2240
301 2526
1457 2883
1101 2526
3686 2731
2419 4979
