5000
4421 2799
3681 2361
1343 692
2321 1175
2897 2388
668 2325
1561 2421
4457 1905
2191 1606
1041 1255
4147 4392
849 649
3579 1999
211 3691
513 3577
3631 231
1051 3236
3857 1685
4256 3017
4707 590
261 4941
2120 4161
4321 3617
3049 2073
4990 2391
1566 2091
652 4917
1025 3326
3161 741
1329 18
933 1375
4816 361
3681 3607
2249 2529
406 3691
1013 4434
849 1303
667 2370
2057 4365
1942 2655
442 963
3573 3807
4421 2392
958 3887
3720 4321
1201 3101
821 3411
3633 2049
2493 4637
3933 595
3729 1529
2775 2951
1270 3571
3251 3731
4837 878
2586 147
4233 1185
4939 1034
4105 1436
4163 2823
4894 4539
4996 2933
3251 2883
2197 4367
1872 1457
405 1296
4575 551
37 4690
1943 4367
4073 4397
2147 4043
571 891
2761 3530
4001 2001
905 1656
1651 1656
1011 474
4196 1021
2306 311
307 918
2941 631
4849 4625
1537 1508
27 403
1833 675
46 139
197 1693
4197 2790
2869 2968
2636 2685
1366 891
273 1473
2471 4859
1893 1255
2329 2885
541 197
1591 3131
804 845
899 18
2305 2366
4285 3846
1721 4227
2015 4246
890 4111
3710 4611
4245 3621
1350 1151
2431 2430
621 2664
1541 2366
4102 2159
4041 3316
3153 4369
4455 4006
181 303
3173 2063
1705 3681
2346 3411
664 1169
3169 3585
258 3939
2267 342
661 4019
1849 4789
3946 1715
2320 4641
261 1829
1993 1833
4857 2417
2769 4697
1037 3437
349 2759
3433 3013
2738 795
647 1799
1004 4613
2015 2806
3625 4001
240 2961
2329 3199
17 2685
1969 4077
4706 4883
1241 2731
2945 4461
3971 1091
1793 1693
801 2143
4949 2343
3009 2527
4423 4170
2161 741
4259 447
4352 2737
4101 1260
2313 777
2957 3037
841 681
3035 4171
917 1347
1467 1855
3937 3305
2169 129
3681 2641
3705 1541
585 4161
2269 4612
329 4593
889 3103
3591 4196
177 897
2056 3345
2697 2857
1960 1521
17 1249
1033 4494
3664 3897
1477 952
831 3944
1753 3473
33 1729
2028 2749
1251 2411
2805 1131
434 3455
164 4789
212 4733
2112 3617
1491 2271
873 2513
1172 1293
1242 4119
4625 4126
3545 4711
3401 3613
2464 2777
4126 4251
2069 3772
1781 2191
249 4225
2185 2921
1265 4366
1389 4668
4409 1953
3230 2591
2405 4581
1721 1836
3761 2441
2536 3337
3313 964
4247 2294
3992 1097
4206 4159
1347 3599
3609 3215
4217 7
721 1761
1281 4973
4942 1583
2105 2281
4578 3483
421 4467
4091 2399
3409 2493
1691 4506
2616 3625
2011 4886
3139 3780
81 791
4558 3879
471 2806
3013 373
3871 1492
3049 353
2332 3509
1745 921
3897 3825
3460 1341
731 2491
1026 3651
3064 1249
2705 1786
4599 4403
1197 2299
4545 2041
3682 3003
1809 289
2431 904
2921 1593
345 2661
285 1956
2586 3231
3185 3121
2060 1981
4001 4001
846 3511
2973 2454
3198 4275
1957 2058
2361 3649
4494 2623
645 91
265 2881
2473 4399
1901 2421
329 3193
2297 4757
2737 489
804 4245
2265 1961
2647 2559
2281 4261
1728 1017
3553 304
4373 3727
3236 2581
13 2309
2481 1325
617 4668
3337 2417
933 4279
1876 4797
1369 3452
1361 91
3216 241
201 1176
887 2814
4081 4041
717 4274
3291 4856
2858 1579
3988 4973
3801 3811
1425 2601
4666 1931
4901 1151
2689 2003
385 4231
2520 2361
4081 871
3721 2761
4908 3477
4549 503
446 211
4811 4679
674 3163
3825 3401
4665 386
1309 2027
3705 4441
3263 2780
3001 3897
2850 2451
241 349
3441 1759
1009 367
1766 1635
3997 3683
1841 2711
2491 1610
1671 2811
1241 4753
3516 2925
2689 1365
2959 2208
1845 4061
2961 2036
4016 3129
593 4089
4981 3696
1398 1439
1448 3457
4677 4293
4901 2471
4226 4311
2141 3389
3817 3119
4633 4513
2127 902
3575 3151
31 4056
4759 4743
1160 4761
4161 266
2985 4616
1209 2134
3455 206
2001 726
2665 911
4169 347
2693 3907
4817 2083
3141 3206
1533 143
121 1921
3654 4663
3379 2510
3852 3757
4001 340
4718 2683
665 4911
4746 1015
4043 3708
2561 4965
552 4169
913 863
4051 4051
317 3959
3961 921
1199 1470
4869 3072
1765 306
761 1621
1144 3129
2801 3221
1573 4099
3161 681
4876 3701
2869 1420
3785 661
4559 4482
1813 2355
4245 4461
2078 2727
3501 998
461 4541
4301 2301
2495 1366
2057 4755
3014 4699
3377 3843
3407 2807
1471 4387
228 309
2934 4747
2835 2971
4107 3738
1901 749
111 3539
3185 3041
4189 623
4567 2155
3344 2129
4551 4566
1315 2671
2295 3191
4051 1456
2157 4107
3353 1290
3097 3665
1461 3546
4161 2941
2861 4691
2499 579
2915 1511
2645 3461
2097 150
917 4075
1176 2601
1617 4162
681 281
2774 1139
2149 2949
3811 855
2498 3995
3126 4719
3383 1863
697 2777
1857 3537
910 3991
4101 901
701 4351
1325 2701
1326 2675
1399 4955
4621 3605
1686 2011
1793 2427
446 3867
2679 842
2256 4745
1198 1055
216 1041
1406 2679
1855 4566
3473 4932
3043 3915
3773 3079
1881 4893
2297 2557
1651 2491
2260 3341
4716 1861
4041 1731
851 3124
531 1615
3671 4384
1137 1657
4465 1421
3376 2001
1177 3177
1634 2319
1651 1056
1111 1603
249 2817
2874 3415
161 4271
2360 2321
3900 1701
1865 466
2001 1201
2631 4132
2151 3351
4051 3326
4917 1919
4573 2789
2861 3511
4674 295
2689 4452
3930 4531
1805 2391
2461 3370
2201 3049
4067 1860
523 3539
2330 2671
2988 2005
3697 2119
4420 3461
3847 4812
3289 3795
2881 916
3258 3647
3372 4077
623 2099
3617 3249
4531 4630
1689 4689
649 2803
4461 4807
4669 3092
3845 2331
3323 4207
941 4586
901 3108
4270 4371
2976 961
4657 573
4701 3101
3849 1652
3835 1816
3081 2377
4711 86
2354 3195
4905 1931
2331 2527
2317 1327
4790 71
4904 1273
4913 193
1625 376
2133 1259
4637 2293
1 626
1321 2537
3649 3957
133 3149
1461 933
4341 2360
1729 2133
3987 3034
4090 4631
1857 4617
4291 271
2441 1846
4643 3994
617 4705
2317 4228
2903 1782
3806 567
1860 4181
4554 1455
577 817
1389 3955
2411 3946
2817 3587
3470 4231
4801 2083
2281 3161
4325 2926
529 1508
4465 3261
537 2589
65 3081
2616 4537
4245 4141
2987 2512
4893 1888
1481 1153
2917 4515
2289 4862
765 2011
947 1267
3893 4439
1199 2102
4421 2461
2463 1063
1414 2223
561 2866
988 2517
3773 1443
4377 4043
1750 2251
433 1107
1433 1097
1643 1980
3601 3441
3451 4226
3573 2203
1154 247
3931 3386
2529 2197
3093 365
1857 1379
4011 2400
793 3049
1473 5
538 2067
4333 1158
756 3813
3036 4021
2147 2023
1306 3871
3717 3883
2041 2277
4884 1525
724 3317
4647 283
366 3979
1527 4202
3749 3173
2655 2791
1063 4460
1790 491
2741 2891
2151 3378
2071 2680
4261 781
1615 2996
2659 3483
2399 3963
881 2835
1426 551
3255 1891
3677 2675
2524 2093
3947 2912
3524 2869
480 961
153 3297
881 2441
2550 4051
2313 3633
715 1946
4401 281
2212 4133
1242 3103
4592 1265
351 106
706 2531
1211 2795
2697 2405
1150 3951
4441 3929
209 2784
2701 4503
3329 2209
4781 1336
2967 1114
787 2702
1281 2881
3230 3891
4233 3729
1045 4931
3255 4706
1551 4147
2397 4003
401 2937
1947 3104
701 51
1697 3745
15 931
1017 2573
3517 630
2484 4373
4131 1135
560 4921
1977 3849
1725 576
791 1504
3689 4313
2041 3386
616 2441
2009 2897
2399 2510
4506 4711
1580 4061
431 3431
676 1101
4807 4098
4265 761
221 191
3376 41
1556 3069
2901 1246
4069 3482
2449 2052
1414 3767
4101 3101
2137 2537
3996 1141
2333 4527
2319 887
801 2701
1755 336
4569 737
1377 1132
3638 675
4651 3240
1289 2825
4329 3473
2447 3188
805 1261
1937 1985
4663 2919
4947 4663
4407 359
3371 2156
161 665
4096 321
4521 41
449 225
1521 805
532 2125
2581 3123
4104 1369
4449 142
3724 1693
2216 1729
829 3992
3439 3203
3397 4245
3173 1195
1447 579
2127 4439
3321 2312
1953 3052
2101 66
443 88
2451 4151
602 4987
3306 2759
3890 3711
4611 527
3943 4027
2049 2770
3925 2051
2729 3673
597 439
1353 4965
1995 2871
3777 2374
1121 4688
1041 521
309 2999
4851 4542
1485 4896
4185 1481
450 1451
1314 3827
3126 2051
2934 243
1185 921
2811 1798
505 2081
4104 2489
181 4166
2617 4517
3433 2217
313 284
4361 509
693 4123
670 3091
1893 1797
4201 2761
1011 4372
4461 2720
2233 837
1276 4741
545 3166
2778 2483
2194 2355
2009 697
3656 3433
4322 1747
1144 1489
3697 4145
4817 529
1964 4669
934 4039
4755 1371
713 1417
1585 131
1147 1224
2711 4171
271 1671
2305 2371
161 680
3679 2319
2767 2563
951 902
2125 251
2542 2775
1537 3354
2401 2456
1567 4715
2114 955
1815 1771
1171 4611
2116 1941
4735 3316
4813 3772
3579 2723
4421 2693
2377 1529
54 3739
3267 2704
761 4825
4766 3011
2181 988
1523 1612
206 4291
170 4491
4663 2674
4747 4487
194 63
2959 4367
3619 1604
1495 3566
11 1423
2135 3471
3331 3810
4833 1905
4433 2498
1125 4501
1941 3872
3857 1113
2566 1947
1951 3151
2303 2339
866 4671
2333 3293
1117 3707
1836 2661
2509 1685
3796 1469
4667 4759
2523 2915
3838 2319
33 3577
4291 2991
3896 2417
799 1838
1501 501
625 4376
649 3069
2487 383
401 2089
2912 2233
2789 84
833 2997
1968 1529
3914 835
4265 1271
1789 3189
4381 3093
811 1256
3009 2990
3781 1216
3099 3863
4041 1146
3121 4731
2515 1056
4784 1905
1841 4794
1341 4419
1081 969
821 1491
747 583
1665 1071
4800 4201
1699 2442
3209 1815
683 2427
3466 3735
718 2099
2425 3051
3921 1391
2245 741
3797 4139
1971 778
1588 293
3402 1603
148 3805
1401 889
4941 1815
4571 1615
3473 138
3003 3879
3101 3551
4056 2265
4187 819
2041 2293
2059 3547
3408 873
3839 3044
1109 3717
65 4821
1593 3449
2386 2111
2329 1889
3433 4389
1361 61
4586 2011
961 841
4449 3930
3361 2805
785 2991
2253 4975
3068 4853
529 2209
601 3990
2579 1119
593 3793
1482 2347
701 2416
1363 3774
441 3697
2553 3182
1053 4159
4873 835
3521 3041
320 4481
1801 3781
321 1736
1831 386
2277 3808
4353 3614
1445 3571
2841 3385
2293 229
4491 866
3737 1024
3195 4691
4216 1281
3497 797
3521 3321
3555 3456
3911 3866
3576 433
3014 4923
3935 4231
607 3040
3113 885
1229 349
3409 3537
395 2391
1095 3911
2197 3594
1549 3957
801 1901
2806 487
2101 1451
95 3886
1363 2188
2811 1127
4976 3801
1061 3154
3345 3461
4509 3485
3309 775
953 1777
4365 96
2691 1423
673 3739
1241 1461
905 561
3764 2573
2487 1842
3772 637
2464 3897
3209 2589
4247 4520
3357 3579
1521 3520
85 4811
2129 1877
1193 3977
3923 4114
621 2141
306 1319
2226 3507
3369 2685
643 543
529 3730
477 4034
3681 809
4141 2139
1545 4341
409 2268
2003 939
4859 4422
2657 1267
3621 2997
2976 481
3211 446
4431 1939
1 1641
3506 4175
817 473
3361 2414
2215 431
2971 2886
2533 2893
4260 2661
2995 1646
4344 2665
4081 3991
3339 3583
2131 1371
4476 2341
4433 2582
3481 1161
3513 3793
905 3661
2201 356
671 1816
2011 3671
2939 2104
221 3471
1295 2986
1731 2131
4593 4713
2665 41
31 790
3089 1958
369 3613
1823 1100
4691 3279
4311 1023
2396 3989
1329 1569
1275 4276
2709 3115
4893 2500
3462 2255
399 123
3826 4391
2536 2193
2049 3385
2999 4343
2471 4091
3021 3211
701 2003
4729 1873
2296 3681
4421 4061
2327 2907
3009 4193
858 1367
1953 169
4057 677
1785 3936
1502 4407
3072 4233
2429 4319
3086 4211
1560 1921
4926 371
4409 1929
2890 2691
1253 1847
4217 4582
1493 1418
3838 3775
1872 1729
1016 4841
2709 4919
2371 4260
1121 4041
960 681
2197 987
1329 1605
1457 1229
1431 4023
101 936
3960 1441
3029 69
2312 393
2678 2207
573 4988
2569 3177
2775 1051
4443 1368
307 4975
3251 3336
4409 3757
4401 2901
1274 4215
1364 4365
2500 2501
379 448
3231 3491
257 633
2105 1881
1275 3226
1519 3708
4241 3947
51 4976
2849 3780
717 3757
2257 1164
1222 4327
172 1045
2701 743
2131 4498
4365 296
3647 547
1365 1261
4877 213
963 1307
612 1373
2117 2357
4917 3717
1205 4286
4341 3717
4128 2697
1141 3141
389 2140
1855 2336
1301 351
1758 2067
2101 1351
4467 4264
1581 4661
3125 2501
4957 3632
1857 2503
2232 3945
2225 2801
626 251
2601 2241
4818 2043
2629 3792
771 4372
2566 3099
2214 3163
2101 3726
4791 556
1691 1486
815 2791
260 2821
341 336
3589 4944
1776 1161
3681 489
1273 3409
3477 2093
4414 1683
1011 3059
2102 1559
3975 76
3526 2511
2645 71
3751 751
2497 1993
129 3185
4585 2241
4307 1243
3196 3813
426 2571
4657 1473
4897 1953
1969 845
1511 3143
3711 3336
2087 915
4123 2132
3029 749
1215 1746
3827 4443
465 261
2299 2495
1874 59
1869 1232
2507 4367
2278 2663
1890 1131
901 1451
2337 3333
3461 3181
2935 1296
1561 3121
266 211
4310 3391
3846 2511
1731 3346
4991 520
4960 2721
754 803
2018 2063
26 3011
3432 3753
3269 1438
3933 3397
753 1969
1610 3231
2583 120
4756 1029
401 3026
3781 1783
3585 1761
1535 256
4396 3333
1189 710
1161 3841
155 4871
3901 4005
4037 403
2512 897
1833 2697
792 3385
856 3817
4491 4571
1510 4391
4857 2907
4693 3879
1793 134
3221 3515
2396 1981
1634 663
297 2353
1821 3915
2809 4489
541 3908
2572 2997
4897 589
2584 2225
1136 4681
4401 1326
3571 531
4161 4695
1891 2231
4321 521
3981 2021
4875 3876
2071 1646
3889 4513
2522 3063
553 1709
4839 392
2098 747
1699 3939
1919 730
3242 4395
1327 3452
217 3352
2625 501
4276 3421
1357 712
3913 3133
1046 575
961 961
3711 3490
21 1218
4487 247
3617 3442
3999 1038
2311 4591
2726 2351
3574 4679
817 1369
1718 3967
1521 1446
4195 2166
3795 831
3081 4009
2493 4019
1933 4253
3043 2915
3013 2234
761 721
926 1651
3545 4506
4066 2443
2719 2712
246 3419
4725 2701
2869 1779
4883 4127
3949 2583
3709 4004
1990 3871
4414 1667
401 2726
2070 2371
3555 1871
1001 4501
4545 2221
4901 2276
4581 1458
1241 371
87 4074
4301 560
537 4329
4876 101
1707 2544
1911 1811
462 1675
2285 181
4665 2631
4944 3545
642 2087
4241 653
4879 2270
481 4507
2650 3051
3891 4046
471 4406
4988 2309
410 31
2385 4996
2345 881
2049 2407
3388 1293
4529 427
1561 1809
4466 3339
313 2902
439 555
4780 2581
4601 129
976 761
2681 4597
1695 1416
986 2771
1536 2873
3689 1793
4198 4315
1789 894
1841 2441
1953 2539
4745 2581
3501 4296
633 3398
1501 1327
3909 3900
1530 1791
877 557
4001 4321
3857 1273
4467 2992
1178 3475
4002 4707
1838 3815
877 599
3874 4507
3443 1972
3736 2321
3501 3626
513 2393
2857 4838
1409 3270
3346 4999
2523 1723
718 259
53 2662
3355 1736
4652 205
1594 1227
1577 2137
121 3697
4987 787
4295 2111
2001 1213
2101 4231
2716 1141
2526 1211
3533 2373
2051 651
4046 715
1053 927
1453 292
3793 3329
1953 943
1558 1847
591 3931
613 2309
3624 1713
4616 1609
2805 4541
2901 2892
1565 2661
684 1965
1729 1009
4547 4947
4113 1364
1155 4516
2097 1105
2201 1676
851 2979
625 3126
1894 4663
53 55
4901 4676
3301 1101
4957 47
2037 1723
2751 3536
3433 4457
636 1141
93 2029
4261 1087
1021 1208
1681 4021
142 1739
2759 3140
3905 4161
4157 4325
1701 31
4603 4564
1366 3491
4670 3511
3965 2916
2401 1426
3361 212
3123 1734
361 2171
3941 1135
609 3745
3211 343
4131 3566
1531 4556
4890 71
1195 4631
1595 1906
338 4787
1826 2763
969 929
4294 63
4977 2170
3461 3152
4753 4997
4916 733
638 1123
823 88
62 3815
1763 1374
1130 3331
4187 1023
365 1846
1889 2057
1601 1048
3737 232
4816 2633
4571 38
1649 4625
4197 2122
3566 4107
893 3567
2929 3265
565 1821
2001 3678
3626 1191
2464 3105
4561 2861
4613 2685
4287 2175
1701 3410
1577 1264
3481 2104
3126 1251
4235 3371
801 1705
411 1531
4469 2507
1252 2645
1337 2714
2049 1555
4753 4213
417 2385
1549 1420
527 4990
1873 24
4421 2186
3001 1321
1207 1442
4369 922
3605 4861
3109 1028
2217 2275
4873 2649
1273 2037
1281 4241
3649 3657
501 1151
3645 3111
4459 1094
4121 4806
2001 2783
2031 147
2992 4249
2166 4667
2936 65
252 1205
707 182
3769 1025
901 848
3905 4256
1725 701
817 1705
1000 1001
1461 3312
2601 2787
4891 3946
994 655
2841 3530
2937 3609
981 1861
4486 611
2336 1225
4073 810
113 2889
4636 4517
4585 1981
4201 2426
1186 931
2697 4759
1110 2811
2691 4259
2361 4769
4077 2520
1513 2065
2761 3909
1009 2032
4275 4851
1433 3585
214 2359
4570 3411
3785 2361
492 2765
3046 1591
1301 1351
4133 2720
1801 1551
725 2901
1211 1795
2201 2174
4126 1051
162 967
4401 4781
4397 4607
97 4235
4622 1999
1793 1625
2405 3931
151 4687
2905 1191
1565 1491
340 3621
460 981
1680 1681
562 4547
4588 229
488 3033
1169 3417
2769 3358
1129 2585
1857 2889
841 1061
481 1531
1637 1885
1185 3281
4094 4759
3515 796
4667 4300
33 2525
2834 2983
4208 4249
4347 4688
4141 4806
2395 311
523 3412
807 927
3205 3381
4221 3821
3173 3597
3671 370
4401 1201
4027 4850
4206 3155
611 1311
4251 507
4001 4273
2957 4010
116 3397
2766 1259
3996 2861
1466 2547
579 787
1225 3301
1433 4512
4123 2152
1228 2053
2225 4201
4261 3461
2266 3103
3590 1671
213 1639
2228 3437
955 3616
920 3321
3701 2672
2241 3423
315 4271
3051 4926
4749 2949
2394 2979
2093 1843
1149 2934
3245 4406
1079 2482
502 4623
3171 66
166 2095
2781 2117
2249 907
258 4155
4745 4041
271 239
1351 4951
3 1530
558 4827
3811 3711
4289 4669
151 2526
1101 1813
2721 878
641 4581
1321 4897
3577 1739
3864 2393
401 4451
1564 4429
1069 2820
1873 2579
145 3111
517 2053
3486 4191
1737 2555
2351 436
1429 3725
2099 915
4785 161
3868 373
1711 831
3216 4129
341 4661
2501 3051
4533 4979
3807 3828
1401 1673
4551 926
1502 1607
4977 4089
3571 2155
1151 4314
555 2371
484 1597
2401 2473
113 1273
4957 2173
3002 1779
4230 1711
1317 2987
385 4731
3009 993
2249 4462
66 4219
3265 3221
1349 3927
4596 4205
4337 980
4320 1481
3387 1530
3625 4251
864 4617
3178 4367
4662 735
2569 882
2137 4837
465 3021
2311 3111
3277 3987
2913 2259
737 2689
2778 3343
967 1087
2564 2693
295 606
4091 2278
3169 2465
1271 2700
4656 3329
1247 1092
2081 1621
4618 4687
1489 1693
91 1639
1686 4011
4426 1059
1426 651
3721 471
1979 3854
2093 4303
13 807
3577 3929
4942 2623
2715 4031
4306 1279
1923 1150
4621 3019
4697 3033
820 2141
4522 2019
3153 1979
3425 4676
3053 4379
2215 2216
3913 4347
1826 2343
769 4217
801 4419
3121 4745
2233 729
4161 772
4861 831
4513 4157
583 4487
3105 46
2145 2161
363 247
3279 835
3193 4405
1972 293
3761 441
4551 2551
4123 183
3616 3881
180 981
297 3268
1260 3781
3677 4727
2241 4461
2445 1786
3741 3382
472 1137
251 3786
1553 2803
3559 2622
4535 2566
271 543
2067 1619
279 603
1121 2777
1849 2528
1041 1010
4209 168
2536 3761
1228 2893
2062 4287
1169 4493
921 1577
285 2541
1829 109
1527 392
3674 719
964 4589
969 3257
4579 2792
349 1397
3477 1725
3121 987
113 4069
4401 625
3173 4132
133 2183
889 3449
361 1553
2721 1935
3589 2150
3173 3558
51 1276
1321 2841
4376 681
3511 2683
4076 1901
3533 4854
4781 1861
2061 3966
3929 2528
3623 2742
1791 3731
374 3563
4789 3460
2615 2071
2074 3107
4527 4932
973 2110
2881 1264
637 2837
2869 2630
4905 1771
3003 3019
1217 2757
3414 459
673 4229
1944 809
341 1821
2826 651
2056 4393
1822 2075
3447 3374
4031 466
477 2437
4785 1241
1097 3777
4471 2544
142 2415
1521 3236
2059 3535
3425 3976
1065 4641
4870 2011
1665 3241
1597 2493
2361 4445
3840 3841
2345 4381
1681 4309
3439 2902
2516 2581
2601 3208
2303 4940
4910 3831
4608 3633
4921 2236
4771 3971
3795 3131
3492 4125
4751 2551
685 4866
4911 4038
4108 189
4418 3599
4040 681
147 2498
4896 1361
3703 3854
3971 2943
3826 3995
985 86
3886 1011
2473 3975
40 521
4883 4034
2071 2131
3177 1249
2526 3151
1145 3206
336 3481
2145 1541
1393 398
3785 466
2362 707
4883 2544
3038 1395
1401 4665
587 1720
2437 1725
2021 211
1016 3689
4017 1069
2217 379
2441 1461
265 2721
401 2269
1189 853
3801 1021
2177 1125
3637 488
3981 1754
1555 2296
3776 2577
3201 4257
1690 2811
1801 4031
2237 7
4178 4247
226 651
304 2737
2409 2817
1691 4186
3637 933
3547 4488
4093 4582
3111 1442
4285 3536
1945 2536
2576 4401
4777 729
4275 4476
4597 568
2820 3821
4481 2216
1419 2504
2935 2936
3196 781
2033 2529
3569 2710
717 2983
4161 1645
1961 2065
4036 4693
1301 51
2589 2493
3687 4404
4942 3783
3772 269
4277 2527
4655 3611
4429 4167
3443 3203
2521 631
3267 4288
2880 161
985 3041
2491 4731
6 31
3817 2145
4725 3226
209 837
4029 1117
3101 51
861 831
1829 1213
197 4138
4446 4531
3049 3785
1112 2785
2681 4130
4471 1827
4376 681
866 2795
3985 3911
303 2727
1879 1499
2476 2141
769 2305
4306 1815
233 1525
3025 1926
662 4355
58 1799
3351 2763
1 41
2997 935
1429 4309
3625 1001
443 63
4206 1739
1440 81
3919 4870
4088 1729
797 4565
1701 1855
2341 4365
448 2329
3623 2247
2941 1461
3941 2936
1319 2822
3177 1665
3821 2514
3766 4087
2753 3543
325 2151
221 1631
4495 3236
3767 2875
3481 3925
4963 3632
2949 1287
3121 3631
408 1729
1480 681
1621 366
3127 4510
1761 4246
4824 4265
4741 3706
1173 1423
673 1153
126 1891
4591 3416
2334 3019
1625 1501
3161 3221
3846 1539
2934 3107
4678 1003
2909 1269
2691 315
4502 639
3693 1475
1063 1222
819 4399
1460 1541
201 2413
1005 3341
2713 1817
1345 936
2881 2621
529 2407
4058 727
1585 3516
1604 3597
1509 1037
4313 4009
836 2557
441 144
611 4166
3226 3075
1913 2433
4267 4555
3141 2372
3323 1368
2577 3235
4199 4175
636 4893
2989 869
2553 3393
1681 2671
163 270
2504 2713
3444 3757
671 4460
2291 4583
773 1694
3129 257
291 239
2646 4983
3296 4889
3851 2551
4769 4144
3202 4607
3785 4671
2121 4841
4017 2307
2929 4025
2329 4317
4826 2391
4431 4638
4801 4603
4826 3435
3929 1457
3593 3745
3305 1521
1281 1241
4522 1875
2652 693
4509 3888
956 4781
407 1804
1697 1275
1097 2657
2963 4818
3745 3666
2629 2274
1988 2653
3363 3240
4316 589
4216 4721
1111 4996
2355 431
3666 623
1940 821
3936 4681
3753 133
839 1679
1441 3057
3740 3221
1179 2970
1419 1018
2218 2143
614 2983
722 3719
3341 323
4956 2141
2641 641
3241 1497
3163 1010
2186 4603
705 3971
1702 4359
2726 4959
2275 2851
457 1937
1753 2193
4896 4697
1835 3771
3461 3072
4049 2393
226 4719
2199 3354
3665 1236
1121 446
1255 4086
2133 2134
4116 3205
185 3511
3594 3603
175 3851
3021 1156
4691 4916
655 896
4497 2809
2541 3936
4476 941
4613 3685
1777 3433
2569 3865
4526 3671
4497 857
3091 6
586 3091
4125 3501
2385 4941
503 3139
3181 861
2089 1268
777 1959
1353 1827
4301 3867
4933 3527
2677 2037
34 1259
2437 4414
112 2057
3781 2811
3301 439
3401 3021
2465 4161
2101 51
2025 551
361 2636
1161 1085
619 1618
601 3006
2738 119
2534 3759
1887 1419
3836 3653
1209 3689
384 4225
4127 875
4996 4941
4619 2047
2917 424
1171 3867
2522 3095
2271 2196
4356 2309
3282 3615
3737 2007
2281 621
3197 4517
1108 2757
3496 2441
633 2597
734 1607
259 2512
3945 4636
2745 3431
4265 3241
3145 2336
2348 4749
4421 3053
3141 4871
3083 238
1003 3040
4833 1150
119 715
489 2495
3657 4339
3336 3481
2383 2150
3845 1506
1266 4823
551 3694
3473 1137
1137 3673
4282 4923
1861 2445
4795 2291
201 51
3321 1199
4932 3029
4475 851
4699 3078
503 1127
3905 4961
1043 1044
3641 2821
2991 2947
355 711
1521 211
617 4937
4501 4053
4081 1621
324 2453
1017 3902
965 2111
356 2461
2231 3466
3213 1048
4784 3553
4816 3713
3869 4224
3145 2411
4637 1125
662 2875
4379 3330
165 2591
1274 4687
3426 651
2201 51
4552 1777
2657 653
2998 3935
1097 2553
339 4663
4004 3109
4581 671
3456 81
4595 1371
3781 2109
621 1243
201 453
3561 2441
3386 2371
4171 1971
2057 763
17 18
379 3499
304 1857
3115 4346
4667 4335
4045 341
3537 2703
1855 246
1497 1917
4677 2740
254 4319
2353 2354
873 3413
2948 3845
3913 2609
2821 2316
986 2959
2337 2177
3553 3425
1071 4279
4750 2751
3563 2462
1611 2771
150 2851
3991 4956
413 3498
1821 2285
4093 3325
3481 4621
3751 1266
2841 3528
1345 3071
221 4504
1053 3432
1845 4336
1302 3799
2067 4887
3373 3413
4493 4074
2544 4217
4009 2343
2824 3009
429 2294
3833 3985
3956 2581
221 167
1001 61
4911 2331
3567 4083
4520 2841
3791 760
2649 2153
1066 1067
4111 2550
3035 4066
2025 1201
1498 1399
1077 79
276 1901
1855 3071
3679 2544
3926 2411
3051 4418
325 2151
4051 766
2547 4710
1497 2845
1821 4662
4921 1999
4645 3611
4081 3241
869 4547
2529 639
3681 3223
1037 2445
4953 2275
2842 4683
1617 3489
3075 3776
405 811
1928 4177
3186 139
977 633
3985 3011
1765 2666
1537 1889
548 3429
4381 956
3701 4021
2024 1073
209 3345
4729 3077
1565 1991
2497 4917
3841 2683
1169 3057
2137 2097
3396 1781
1 51
735 1171
717 4322
3651 2786
4715 4456
4984 4409
2712 2129
2390 2331
678 4747
2883 4778
3001 41
1298 815
3341 1775
3201 3438
681 897
689 829
1821 2316
4657 450
3801 2245
4423 3270
5000 1
2857 1425
4193 4177
1285 981
2957 1453
4223 3144
1566 4095
2977 2173
166 811
2077 852
549 2687
3437 2178
3161 1153
1841 1821
4651 1276
669 4789
825 2801
2857 4999
4835 4836
751 2551
1053 1333
2244 3149
2636 2261
751 535
4716 4381
1137 2275
1846 3683
9 505
394 395
1564 2893
3551 2551
501 2516
3587 1307
4921 2473
4291 3059
2959 295
761 3158
261 661
2245 4291
1701 3247
3307 430
3011 2430
2119 784
2241 2389
3503 1708
3053 3803
2859 1554
1819 2770
1909 4635
156 141
4964 4965
723 1752
1862 587
197 1108
1521 841
4939 1158
1934 2503
1106 1891
381 1525
1339 4544
4457 2829
3051 1276
931 1863
4895 3491
2503 175
4754 2295
1736 2985
3116 4205
2486 2375
1350 4151
4061 1831
3575 3651
1680 2321
2229 2054
2619 715
4959 2418
3474 3539
2999 964
492 413
4784 4417
727 3087
3798 1679
4925 2826
2103 2619
2072 945
4471 718
2037 2223
552 1073
4851 4107
546 4743
2459 3279
1717 3379
4481 4621
3437 1859
4451 3531
1969 2234
2273 3639
4161 1271
753 1507
3613 103
263 2622
3793 173
2688 697
3556 4461
4831 3311
3673 2537
2497 4899
4081 2509
1847 2799
4985 4761
1937 229
4137 4440
2297 3494
1291 3874
4781 3613
627 1367
4165 1581
2021 3085
3541 821
987 1195
385 4256
1641 2975
739 2910
573 2607
1638 4055
371 2227
173 3115
2631 514
2867 2479
3197 4759
4769 1305
3661 2695
265 3181
845 3591
3949 2675
2761 523
4945 3681
3149 2789
4481 2545
4041 2666
3500 1501
1805 2741
3624 2617
2445 4231
4741 677
1329 884
4361 4856
1421 2525
2283 1095
3333 4983
2234 4787
2044 3365
3476 1901
4669 2388
2477 3575
3297 178
2606 2271
4536 4841
425 2976
1161 543
4449 3043
1659 3319
4125 2376
2671 3486
2633 1917
883 1502
1927 3592
3201 3463
2535 3096
3261 221
4353 2413
4227 3983
4710 71
246 2707
2161 1441
2841 4549
4311 4331
4201 2061
3878 1243
3776 441
2499 4939
2029 4277
2392 4153
4470 4171
1706 3831
3751 2551
4242 2567
1032 1033
4301 2847
1941 4116
3465 4256
4326 4279
151 2551
598 1147
3987 1572
3089 2985
239 3863
1769 1448
2773 1467
4701 1031
953 2403
1917 4349
3741 684
4211 2395
4381 1287
241 4641
19 1274
3841 1256
2976 4401
1638 1123
1841 1047
4243 4123
1957 3507
536 3761
2093 4418
3171 3919
4620 1821
243 1179
101 758
2981 2709
1793 3995
601 1061
301 536
3633 4065
3807 1878
3305 4491
1807 843
2396 941
3901 4229
2484 2005
3331 3171
4308 2253
4385 321
1521 1261
2302 4235
4839 4527
4313 1147
359 27
1746 3571
211 212
3599 3332
2785 3681
651 2551
2801 2041
3799 147
2281 4216
2372 973
648 1753
1867 1548
1567 815
2908 1069
1421 1629
4163 684
4854 4307
4129 1710
4041 4657
3167 174
1861 360
3531 2656
4492 3157
3801 1837
2501 2566
3777 1837
1401 26
1356 1781
4488 4913
3205 1661
1181 4173
2169 2719
1841 3871
3225 2701
1191 34
347 3739
4919 4412
2181 2671
4133 3848
3836 4261
1154 1155
4581 3325
3558 1459
2815 3191
2561 2441
940 2821
2401 1041
4649 2537
4477 1863
3741 4389
97 1209
3361 105
653 2613
1622 3527
1075 3651
2385 3791
3980 3981
4193 1773
354 223
4093 2837
4281 588
3521 1337
4543 780
1613 973
1293 3014
3180 4941
2761 441
3245 2781
2483 3879
1185 1881
3920 41
3849 3565
4287 732
1190 3091
1227 1167
1711 152
3321 1421
507 2099
2865 4491
3738 1119
2619 239
1698 3579
2714 1567
3521 3093
2326 1759
811 2716
3161 1271
2173 2765
977 2817
2483 4083
2411 2331
3067 954
1070 3171
4212 4269
3001 11
4865 2981
4361 4856
391 3911
3569 2105
2019 4039
1009 1505
4377 97
2188 4085
3026 1691
3008 3009
781 4671
2689 2097
711 2111
965 6
4093 3325
1601 4041
4838 443
721 3747
2231 475
815 4671
4047 3082
643 788
2647 295
3826 3691
2752 3337
4335 4411
4181 861
3585 2361
2881 3717
2647 2058
2102 1979
2089 2535
4193 3703
1537 2629
4433 1548
4927 183
3023 2323
733 4059
3561 2123
2416 65
1353 62
4681 3836
1483 2498
2961 1455
495 691
306 1531
3176 1441
1052 4989
2553 3605
3213 3882
2306 755
79 4188
4307 3764
545 2441
2897 838
1997 1923
3137 4399
3337 1697
2120 841
2673 2769
1976 2633
4061 1173
966 4491
111 1111
3110 3491
886 1011
3213 669
1702 419
2513 417
4825 3801
791 1866
1373 4532
377 4605
3758 1787
2906 3891
1259 3778
611 3331
68 2925
3149 1683
1817 2694
561 1417
4268 3165
2269 4837
4753 4133
423 1574
4931 4311
2600 601
4025 3701
3831 3114
3511 111
737 3267
4462 4715
1061 319
2728 4097
1033 3265
373 2239
4247 303
2998 2959
3433 2919
2810 4671
3295 671
1113 1764
4561 3929
2545 721
4335 446
2135 3431
4771 2711
1329 2529
2210 391
3801 3265
1566 2283
3821 1335
980 2741
75 4651
1025 3451
3406 4143
4870 2791
2134 1279
3826 4131
1308 1773
4311 4527
3957 2883
2861 966
2889 4337
3531 338
2621 2261
437 3162
4793 4587
4699 4650
1837 14
2590 3711
3081 4297
2717 1832
381 3811
2349 1914
2641 641
1556 581
601 3632
777 3175
2913 2870
2691 315
1765 311
949 3032
4901 3071
2331 4896
2564 3205
4789 2469
309 1687
4287 795
3522 4183
1849 4169
4997 4869
33 793
1924 2733
3851 4571
26 1275
2221 471
1045 4341
933 1197
1681 1897
4401 1066
4601 51
846 3299
1443 4063
4495 2831
4831 2396
4333 989
803 3363
1259 2735
2354 4143
1853 63
2652 1773
1691 3456
3161 1441
1295 1406
1491 1839
947 3980
1506 2891
4337 1023
3625 501
4477 3202
2241 4123
4936 841
1819 2295
2249 3977
1693 2405
2176 4217
3968 1177
4665 981
913 87
1101 51
271 2616
2451 2551
3081 1727
812 4789
1973 2758
2089 2875
4680 4321
2489 4253
2375 1751
548 4045
1865 791
4893 3717
1018 3235
4561 3661
3075 4551
3429 152
4769 1603
866 311
3040 1281
3280 4481
2913 4957
4929 1593
1957 23
4976 4881
1185 4366
4225 401
1406 2331
1069 2693
497 3360
4486 95
4217 605
1591 2052
2601 1061
1327 4503
3699 563
1861 495
4493 3637
1633 1045
3177 833
1289 313
200 201
219 38
1761 3271
4831 2903
2592 3697
4173 1845
684 1725
1776 4401
1421 4736
187 798
961 168
1061 1685
323 1138
2107 4314
497 2893
1663 3118
2601 51
2268 205
641 641
1707 4370
4461 3831
4172 2549
1376 1881
3281 3431
1973 3677
4453 933
3474 4903
1916 2389
526 3671
3293 4893
4581 2906
1977 817
1973 4975
2957 754
4392 3177
2262 2263
4607 2927
4639 1644
2321 866
3806 4779
3071 1622
2907 118
66 4291
489 649
2303 4363
4839 2747
2879 1218
4737 273
1851 4571
2301 4205
558 1675
3631 3455
1903 1308
1540 421
3009 3100
3466 291
3591 2007
4945 1481
1751 3776
3306 3935
2105 3941
618 1855
923 460
2051 3316
4685 3621
546 2731
2226 239
4351 1756
3801 3061
1155 1991
755 3306
91 183
893 3573
3580 2461
495 4306
2751 2270
865 1921
853 4384
4978 3923
540 261
3721 3606
1941 3293
2889 3227
3263 3264
1997 1983
1949 2533
523 4875
1985 1986
2921 1789
1105 141
573 2293
3334 1687
2577 4929
4101 51
3465 441
3321 4631
1238 3139
3001 21
446 611
1177 1497
406 2331
3083 1147
3857 3425
267 3812
3719 2108
2021 736
4396 4533
4299 888
378 1083
1891 2916
4689 2848
4952 3705
2941 3815
4705 871
1401 1066
2745 3136
4383 1555
2451 1276
3321 4816
2371 3711
2589 1053
17 137
371 3922
841 1821
3628 4237
1911 708
1223 1224
3316 1373
1526 3931
3271 2196
1513 320
3583 2147
2805 3666
1995 1971
1982 2299
2746 4715
779 1487
3129 65
1481 4621
65 3641
1311 307
1161 2509
1782 3167
2171 986
417 5
1761 441
4581 4861
193 19
1379 3275
1745 2921
57 1654
1301 4924
1495 316
3409 1363
1099 1100
2637 1029
772 3125
4145 2306
2719 2703
1146 111
4896 4905
2929 3315
3876 1901
1485 3216
828 2389
521 3345
3409 4089
2861 4549
1665 3311
561 2245
4185 1961
937 4985
4911 4127
2841 3980
1977 4667
2629 4854
3486 2431
3579 4635
3217 2558
4491 3803
2085 2166
2521 3362
131 896
721 4656
2181 431
61 4271
1169 268
406 4211
657 513
2110 3711
432 4073
3777 3743
1613 1453
4687 4367
2385 4081
1469 2548
1976 4401
4481 279
1501 51
4299 838
4265 3841
4761 4045
3046 2991
2009 3307
969 3722
1526 2567
4011 2474
2809 1069
3801 663
4515 4031
934 3295
1082 4067
1970 1971
311 2106
481 3861
89 4985
3224 3497
3815 1966
2127 2319
1163 2107
2253 4133
4601 4041
4521 421
3073 3074
988 2845
761 1529
393 110
3494 4459
3799 2795
1141 539
2579 4267
1801 4409
4829 4399
4756 4509
2137 1933
1501 71
3538 4123
1501 21
3711 1487
569 243
4289 4313
4001 41
2888 3409
1841 3641
1765 1191
4017 2817
4385 241
1234 2999
426 2691
2765 4311
498 3407
2453 4719
3451 3531
104 3017
765 656
2901 3071
2366 3523
199 2140
3733 384
4774 4859
2481 4621
3971 4580
71 3906
2919 2110
2633 614
4242 1503
3238 2667
1681 4137
4243 3347
3771 3131
2353 299
4921 2631
4459 935
3303 3304
3269 4995
2151 2551
3123 3723
125 2626
608 4929
3141 4231
4937 3048
1809 3945
729 4375
385 771
3352 2545
2951 1571
426 651
744 2529
4377 113
3497 953
1487 2195
4126 1891
3226 2431
1641 3461
1273 2547
1671 1711
2328 2513
1244 1149
1735 1231
2419 1124
3271 2196
3091 1094
2561 1831
3523 4892
2513 313
3271 2196
4135 591
551 3735
3636 4997
689 4647
1313 2017
3601 3031
2006 211
4716 61
3121 4841
4849 4565
2909 2455
4489 253
1535 3286
3262 2835
2497 4857
1229 4077
2497 4833
2441 2641
2649 133
4849 4884
353 1650
525 701
2424 1513
2181 1173
366 1347
4705 236
12 829
4202 2283
1471 2356
4741 4461
2616 1561
4895 4331
1825 4676
1066 4595
905 3961
4605 3141
357 4999
4017 4613
1291 4059
543 3350
2751 1266
1969 1195
2042 2883
4797 4114
2425 2901
1861 271
1705 3641
4957 3109
1876 3141
4851 1276
739 3995
3993 553
2367 718
2717 3039
4499 3959
3177 2913
3613 1747
1576 3641
2935 871
3821 853
1469 1955
1325 3776
3581 3509
2200 401
3049 1589
2183 419
1675 551
4503 2019
681 2904
2231 1931
744 385
1405 4341
1632 1705
1225 726
4597 493
191 1720
2819 4675
3381 144
3712 833
1405 291
1113 685
2789 607
397 1675
4901 51
2600 3401
2149 44
2922 2207
2341 2775
865 3841
1833 3993
4681 216
2123 1290
4547 2300
1853 2413
3151 2551
4667 2347
4445 581
361 4441
4399 143
81 3646
2957 4840
3961 4221
2699 399
2254 4875
1607 1779
546 3191
254 843
3469 4982
3855 3896
4141 4847
3241 4447
1825 2201
1459 4394
495 3811
529 3277
799 3559
3485 3496
561 1221
37 223
991 4506
514 4299
456 3193
2647 1762
222 2887
120 2041
738 4447
1552 1217
1837 4199
1312 177
785 3961
946 4191
1089 4697
1646 2611
2 3
534 1943
1027 3540
109 1963
51 2551
89 980
1306 2875
2108 3293
1176 273
2806 4331
100 3301
3364 3477
1057 1509
883 630
901 3021
1891 4134
1864 3617
1741 979
2437 2355
1633 3385
1787 3990
33 529
496 1369
911 2755
130 391
309 4327
99 199
63 3907
1364 4109
523 4415
1135 3836
1505 736
521 841
937 4363
2209 1615
2861 2356
2121 4841
1054 3459
1123 2274
205 2461
146 4235
1769 995
1673 3575
641 513
345 2761
1081 3375
919 1870
248 4713
58 175
1921 2945
2053 3015
661 4916
178 503
241 965
55 2971
1405 3061
225 2601
1751 2571
151 454
990 2571
1691 3967
568 337
1486 4039
1863 1288
378 963
1223 2482
361 416
115 1556
37 334
690 3971
1054 3459
216 1081
221 2211
1057 369
65 1041
3251 1316
61 306
24 25
115 1556
1101 2021
276 1901
2701 51
925 526
273 4369
2810 3931
1135 646
1038 3319
2971 3696
903 2024
477 1679
55 991
1981 2165
1513 2365
3423 3535
2461 2661
2065 3796
595 1066
1288 233
661 4543
3121 4809
1601 51
169 4733
493 917
2737 1377
277 1372
246 1723
1093 3419
2351 2551
511 331
2332 1917
73 2629
576 3249
1561 2441
1576 4401
487 1299
2801 1071
3478 2159
409 2813
3418 4007
91 2731
1601 26
2276 2941
3433 1579
1981 374
898 23
123 247
661 3221
2861 2356
155 1086
1381 290
630 711
2625 2626
2069 1037
4159 4495
1072 4673
94 283
649 1683
1121 873
3469 893
1450 451
1717 4285
4341 3871
1837 1133
1765 1196
1711 19
4761 3749
1021 4715
346 1731
56 57
501 11
673 4423
749 1479
2413 1869
521 3866
351 3511
1729 1684
1751 3776
59 1712
2815 3231
154 2619
1201 3041
127 335
2500 2501
681 1811
229 4352
235 4231
553 2720
421 261
225 2201
17 69
3711 4771
826 2391
35 36
209 1673
21 43
1706 3831
71 498
3597 3015
3659 1859
2623 988
75 2776
2857 4993
496 1369
1801 1046
209 435
1585 4741
1961 2271
1114 3395
2233 389
211 1056
1312 4929
4027 648
181 725
1921 1473
1275 3151
3393 4830
83 3404
2451 2551
105 841
2241 3436
1121 4841
2047 103
1231 472
305 2441
715 16
345 4836
361 1246
201 805
1814 2119
3187 2099
811 4331
2357 4567
289 3469
732 2445
1457 765
137 275
63 127
433 1692
25 201
1471 2971
1119 3118
463 280
2774 3667
153 613
443 1519
1471 892
1429 2173
3295 996
1497 869
1129 3064
3431 171
1259 1584
2065 4121
3361 3217
3217 540
2597 4269
1675 3851
1973 4165
2899 3355
99 1387
1716 4085
852 4597
1009 1505
127 2287
507 578
1857 3849
638 3295
27 703
286 435
2289 4029
2773 2013
1072 4673
161 806
1771 3131
4762 3579
2041 2461
701 4071
841 2662
233 933
757 898
1335 2431
2696 2105
886 2275
1321 2187
2929 593
973 2543
2279 2694
46 231
1625 1001
3478 2159
755 3791
2908 3309
841 231
616 4241
331 4931
715 16
2705 661
271 2711
3249 3443
817 4217
739 300
1161 2339
1057 4882
3809 3305
1519 128
6 7
125 3876
125 251
4357 2563
833 1659
2509 343
849 4998
2641 4307
442 3095
1145 4771
1702 2227
52 885
193 2353
187 1123
154 1387
94 2915
31 931
2710 731
3277 1452
4159 2018
1787 2907
353 649
103 619
221 2432
793 3549
199 3135
737 3585
1401 4036
218 1527
1016 4465
641 513
189 3884
2129 4225
442 2847
1569 209
780 1981
2951 4110
1297 2257
55 1486
208 1873
561 1221
3128 785
742 4099
2794 4259
137 275
2002 3059
364 4005
2727 3167
3017 4987
421 2948
271 2711
137 549
902 335
376 641
859 1168
145 581
1601 26
1429 13
2692 4989
925 3851
3877 3637
1441 1113
2561 3905
1001 26
3711 4771
1803 560
187 562
869 3879
189 757
1407 2060
721 816
841 323
2031 2171
967 2242
1401 3021
4481 1785
181 906
1089 3514
931 2723
1453 1967
91 547
1345 1491
1990 2611
876 1901
82 739
3244 2469
1081 3646
911 3771
508 1605
2745 3721
1249 4969
683 1174
2151 2494
584 1425
321 1421
37 112
277 1109
153 815
133 267
730 4711
425 3401
392 1665
2031 1086
329 2633
1653 1285
936 1481
2882 3927
1105 1521
929 4865
561 4271
766 4471
913 2042
673 1153
2913 1477
85 3571
375 1376
1378 2207
45 496
757 599
82 739
668 4373
2369 1617
595 711
4761 3271
1405 3061
172 3269
85 341
2416 4561
811 1496
1828 3013
1405 871
1887 1803
73 658
1055 2936
343 1175
1081 4861
1016 561
617 1788
169 4733
1009 3433
4279 299
269 1077
91 1639
131 263
2163 4499
199 598
1153 755
2245 2661
193 2317
81 811
2968 2625
601 2021
130 391
495 1436
1945 21
161 1611
601 51
2575 426
820 1981
687 3664
188 2069
1191 3371
495 3811
1065 471
811 4331
3277 1452
1312 529
1189 1159
1157 4339
2351 498
3711 1684
205 3486
41 165
681 3155
541 3116
1174 1007
1457 1593
379 307
2689 2939
987 3559
177 2789
25 26
451 3119
385 2311
3721 703
579 4687
232 2657
253 2085
2439 4268
894 1987
1321 2187
107 215
185 3511
2066 1895
673 1153
1814 3887
613 518
313 2208
861 2221
141 565
1261 2831
2451 786
241 2893
476 1901
736 457
881 3765
154 2855
976 3065
898 1675
31 931
2206 2211
319 1915
67 202
1538 4603
397 2147
1681 431
2161 4661
4210 491
1600 2401
5 21
3809 4013
3865 1441
100 901
449 3737
3727 2164
1588 4573
401 1417
1625 501
3163 1107
2753 1193
703 4140
953 1202
736 1041
403 2002
727 995
589 3862
2353 1769
902 2807
1210 2511
89 357
202 607
2656 4521
112 4145
79 238
451 1276
57 1597
1261 1746
2501 51
2161 4661
24 553
3307 3500
2381 1671
199 4379
1682 3963
561 3977
1321 4063
953 1685
1114 3395
4159 4495
2179 3815
259 1555
925 2951
2369 2654
2146 3031
271 2711
2311 2063
188 3197
313 1879
929 1942
1272 4433
1561 1466
129 3257
161 1289
575 3576
2209 1615
189 757
223 1339
3478 3247
2179 1908
1051 1786
559 63
133 533
15 106
1891 1731
672 993
785 991
2263 3258
741 2418
1673 3613
2551 102
281 1968
297 2377
235 4166
911 3687
2092 1693
305 4881
612 2957
20 381
3069 1072
532 4789
3244 3837
1450 3351
92 1197
1369 4285
901 3516
134 939
851 2551
1981 4431
1241 4821
235 4231
1751 1286
646 4691
2563 1344
154 2855
947 835
1450 1351
1451 2551
1597 2075
113 1809
955 616
2311 1771
1702 2227
2641 1769
551 2123
409 3907
1297 1693
496 2281
1519 3419
2022 35
745 3096
144 1585
370 3331
2068 653
534 1895
1266 4631
1405 2936
4691 3371
1821 3736
3103 4799
254 843
376 641
115 1556
661 2933
14 183
3466 3359
21 211
2685 3141
3945 3811
1036 1485
967 615
4149 3090
1764 853
239 3127
1055 2936
766 1491
1921 2209
4149 3090
166 1827
505 4041
1701 2835
1119 3118
3051 2551
513 2833
1969 730
2598 2303
1471 2971
49 99
2406 4023
3421 4998
1259 1584
3600 2401
2502 2623
977 4598
925 2951
989 715
1093 605
2836 3669
872 1337
404 2525
697 1729
2161 1695
93 2140
2017 2953
4027 648
2245 4086
2179 1908
3175 1051
65 4161
1939 927
501 51
1024 1745
757 1197
793 4517
1981 4431
1103 958
904 3985
1633 3284
529 2697
3466 631
1857 3849
149 597
2495 2286
441 4852
820 661
2017 2072
815 2931
457 2367
201 4021
1531 2055
760 3361
1837 2459
4341 4143
817 557
625 1
343 3088
129 517
1277 4067
2801 51
616 4241
3641 3897
883 2087
2773 2013
4033 4080
491 4060
3181 3594
505 4091
709 3509
4356 3141
51 256
2157 4909
1051 1786
183 2563
2553 2333
151 4531
967 1724
1153 345
3265 1721
589 3247
169 677
929 1942
1288 233
589 1493
595 1546
766 1491
691 2680
62 3783
4033 4080
155 2171
2031 3900
481 1545
599 575
652 213
3901 4061
1538 4603
361 2221
19 172
1401 26
145 3481
1226 2911
361 2221
2151 2551
1225 3301
1081 4459
703 3279
993 1777
2601 4041
2197 4018
3333 3318
2066 2311
2092 773
2476 1421
2913 1477
2281 1861
3619 2474
223 3252
1021 4429
484 3389
27 55
1961 2271
2476 1421
49 785
1408 4569
391 84
1161 1441
321 137
125 2751
1016 561
59 1712
1750 2751
449 4369
261 1966
521 1774
946 3111
514 4299
2022 35
451 296
1119 3118
305 1591
103 310
601 26
2796 229
79 475
2280 841
511 2375
1429 2880
586 275
1480 481
622 599
625 3126
2839 2078
1850 4551
277 4114
2227 3535
177 2833
1225 2051
323 4523
947 722
1025 2801
1089 2027
3361 1329
3597 3627
35 71
316 2845
1513 4469
1054 3459
3017 4987
3305 4996
1541 3936
1542 467
377 2720
1261 2699
1243 3590
105 461
131 3516
2395 886
865 3356
1177 2957
351 3776
89 1959
793 4893
2899 32
1225 3301
3970 111
2623 659
3473 327
3136 2481
1393 795
433 785
1633 2257
1331 579
4621 3471
3485 3496
1951 3531
694 4575
25 101
2255 3731
2586 2231
155 2171
1001 41
601 4041
379 307
841 1775
2353 298
919 1543
3121 4809
638 1263
251 1276
1905 3341
1293 3963
1361 1275
2451 786
1272 4433
421 3421
115 4371
403 2419
191 1911
1891 2371
1045 306
16 241
610 2811
28 29
963 39
2789 4653
2746 2507
1891 96
2821 4261
3473 4489
484 3397
865 3841
370 3331
2395 886
676 3253
4013 1768
113 1809
1401 26
1422 4679
861 2024
721 1537
820 1981
246 1231
2591 868
2495 4711
89 357
16 81
2623 659
931 2931
487 4384
349 4189
85 511
57 457
1676 2293
3473 327
3649 2994
651 2551
29 407
71 711
101 506
1057 3255
2184 809
3537 3925
1121 4236
4489 1275
2386 1459
2101 3243
2443 392
685 3221
181 544
2 3
460 4141
1351 1478
1601 26
441 2641
1613 3877
4761 3749
2017 2613
231 2311
267 147
529 2458
2653 304
1465 161
1601 26
981 4621
3713 355
1977 127
637 3762
341 1706
726 1055
599 3778
2521 3446
745 1191
261 221
260 1821
2509 343
229 3703
289 4625
1174 4875
3037 4554
1711 2528
561 3977
2065 4121
698 3619
166 1827
939 3147
631 3835
2990 1511
799 1780
1948 4285
3301 2867
361 4333
1177 3249
1153 1897
625 1251
2809 1687
260 1821
1881 3408
622 599
715 31
311 4642
491 3438
229 917
1272 2153
1303 2364
1597 2075
451 3119
1189 3475
769 1913
799 3559
3605 141
2025 3151
531 3144
540 1461
961 2661
714 2135
691 731
1441 1113
2304 2897
1420 1861
324 509
818 175
61 245
365 4491
1004 2069
2420 2781
1849 1773
1387 2382
1803 1303
1990 1491
64 193
1248 1193
273 1093
321 137
993 889
43 130
19 20
807 18
61 1831
1272 4433
3649 2994
111 2443
209 3345
2380 2821
419 4610
745 3096
149 514
2251 1296
290 4931
2577 4313
1123 4092
2431 1275
1849 2659
295 1771
2614 1947
3641 3897
2531 4206
4217 1757
2256 2497
378 963
452 3533
1648 529
2926 191
113 3165
358 2507
1190 4511
2485 4461
39 1483
2101 3536
521 4169
239 3347
987 2247
4225 3851
193 1545
901 3021
276 181
511 331
3601 1061
2821 2588
41 411
2243 2338
205 1231
3954 4919
77 1464
3887 447
67 738
3121 4809
1717 1964
126 3151
92 1197
1981 4431
71 995
2029 509
169 4733
4551 816
1915 3196
3781 4175
409 4909
1261 4136
169 2099
139 279
421 895
23 254
1301 2653
2833 985
257 4113
141 2821
3150 1051
1417 4009
1717 4643
1293 2925
151 907
295 4456
1009 3568
331 3311
505 2071
2161 3729
617 1788
321 137
127 335
1241 4821
37 223
186 931
392 1665
841 1775
1128 945
1621 2535
2707 3663
1887 1803
329 2633
1765 1486
183 4759
2269 1685
64 449
2401 51
2210 3871
15 106
2809 1069
1751 2551
1681 689
530 2191
8 57
595 1066
2641 256
1006 2403
403 2419
1717 4285
963 632
2341 1300
97 1165
599 2788
141 565
181 3146
265 831
616 4241
2731 1510
523 4708
761 441
142 427
241 1206
1240 1041
199 1195
1651 806
664 897
1621 2261
121 1816
508 1605
729 413
2346 2183
2281 18
341 1821
3411 2606
1420 1861
1741 2231
3001 51
681 1309
1072 3225
981 3735
793 3549
2129 4225
3001 61
1393 398
408 4489
49 1177
897 2409
1225 1651
683 1174
1925 1226
1432 3665
155 1086
1723 2367
2351 2551
3597 3627
1552 2945
375 3251
2416 4561
341 1595
3529 2328
3969 4017
2461 2661
155 1706
181 1087
197 789
451 1766
865 1711
2437 1347
1849 1018
876 1901
911 2755
52 157
4141 3461
2721 29
1561 1173
113 1583
2941 871
599 2555
28 757
141 283
184 553
133 267
1301 51
241 965
64 193
151 1511
69 277
163 490
460 2421
1805 4421
82 2215
1129 3064
1373 2278
1807 895
1151 2947
485 1341
60 61
35 71
883 3268
126 631
3576 1681
1621 3631
277 2743
71 711
732 1477
1891 4423
584 1425
2949 4757
1939 927
99 1387
11 23
25 76
1345 2661
1453 1967
1261 309
430 591
204 1429
67 202
3535 4171
97 2329
2653 304
1081 3241
2107 2174
1335 1411
3305 4996
811 3795
694 2903
300 1901
4901 3071
161 3221
1639 3922
2785 1531
1441 1877
53 54
1277 4067
689 4628
1081 3375
49 785
2081 1593
3340 421
3895 2071
2 3
225 3151
101 1011
1783 3840
85 2381
3201 51
313 3757
1915 536
106 319
1882 2275
1156 3581
1226 651
545 3721
621 3503
137 4317
683 2347
951 2551
1086 3011
586 3791
1999 2947
1684 573
631 1311
1266 4119
311 3111
27 703
77 2927
442 2847
1301 1021
1621 3357
113 453
379 3412
1407 2060
1915 1071
1321 2841
185 741
425 3401
3364 1749
1197 1123
2581 4861
1027 4027
1084 1789
1051 3571
521 841
4003 2175
621 2421
2194 1895
991 4866
1851 2551
745 2881
145 1306
1081 2431
17 18
1825 2601
161 2577
2509 343
331 2283
76 1141
2882 3927
1054 3459
1559 4243
1099 2040
694 4575
235 3056
1601 51
3307 3500
4161 466
3011 771
217 2605
329 2633
226 3391
697 427
586 3791
133 533
1597 1030
2276 2941
2807 4123
1948 4933
2861 2356
1201 3041
2901 51
197 2759
141 2821
7 22
2177 4019
2049 1137
1597 687
172 4805
331 3311
3809 4013
2065 3796
701 4815
196 981
3877 990
637 2645
1122 1319
622 4307
973 1272
2185 2361
2461 2661
1891 4423
976 3065
1105 2681
3481 3861
1597 1030
2321 2841
4141 3461
4691 4298
151 1511
76 381
289 4625
2871 2712
65 261
3753 1452
2443 392
1411 1318
236 1093
1611 1386
351 2286
1683 3808
4027 783
22 23
301 3613
883 3268
641 257
100 1101
281 1125
1473 2137
397 4293
1954 575
204 917
1717 1662
145 581
49 295
1828 165
3781 1861
1537 3369
505 4141
8 57
2773 2013
1261 2963
120 2041
28 253
586 3791
676 1901
433 197
1681 2069
1135 1506
2001 41
571 711
829 2202
321 1606
1609 3617
2651 504
2347 2963
311 4642
540 1461
155 1086
485 1341
547 2975
1153 345
369 905
141 1975
2566 471
1037 3370
67 1475
780 4821
99 1387
1716 61
3103 842
1226 2911
1009 1190
541 1493
901 2031
41 411
1153 2673
769 3457
897 233
1233 4525
2377 573
1225 2476
681 1309
2458 4855
237 3984
939 3147
1509 2523
89 713
2245 3171
351 1756
689 4628
939 2914
626 651
361 3611
313 1277
3661 3322
57 1597
2109 380
697 3365
181 906
407 699
19 172
3129 2773
2661 1119
2968 4793
1055 411
265 2916
277 3325
1717 4285
3151 2551
409 2813
1293 4568
386 2703
226 171
2553 3075
313 1277
505 4141
391 2347
701 4021
2047 3458
1101 2021
833 1657
2022 1947
463 94
157 1124
344 2409
1241 3472
523 4415
185 741
225 1576
4279 252
1429 2880
1353 357
781 154
757 1795
2007 3414
913 3825
386 1231
3711 1684
117 469
1561 1173
49 50
521 4169
66 859
1702 2227
3305 4996
417 3337
599 575
43 130
3073 2505
1270 4291
1405 2936
1277 2034
961 1129
343 4552
385 3481
532 4789
1497 869
353 649
961 377
1691 3967
1519 255
1458 3527
859 3502
757 2692
1081 1621
2269 2948
650 3351
3431 171
281 737
295 1771
534 1895
31 94
1081 3917
1207 870
865 2681
2121 2414
645 4671
1035 3646
2584 945
573 213
1737 3848
601 4425
253 627
2 3
1225 2051
721 1631
2821 4261
2041 4092
755 4631
1016 561
757 1795
921 2367
1427 2822
2016 1041
904 3873
131 656
313 2513
1054 3459
919 1870
2245 3781
838 2627
727 3992
45 181
65 2081
82 247
2151 2494
1220 3061
709 1832
1073 1892
2497 2384
127 255
1951 2551
1153 345
2681 2241
2908 3309
1621 2261
2801 1857
487 3150
2538 4135
100 901
3225 2701
1441 1877
2251 2551
113 1583
351 4571
3106 4771
761 4460
337 2078
885 1021
1769 1989
1387 2382
1270 4291
2809 1687
3713 2633
481 3089
1921 1841
301 1807
528 1369
545 2441
897 117
337 2078
1697 4305
2215 816
2313 2285
1770 2971
641 1411
581 3699
1985 3521
2853 1887
1153 2673
202 3535
1729 3367
209 837
3173 3554
894 2019
351 2286
576 3249
325 2926
127 763
2701 51
226 171
133 267
2031 3900
2701 2061
1751 3776
4201 4071
913 2348
193 1159
49 295
3349 2639
154 1387
2014 1463
2031 3900
562 3663
1559 4243
2041 4092
289 1937
137 2330
586 275
523 335
3169 4155
1756 2413
106 3711
3433 3517
206 3447
2704 3313
85 511
127 255
1777 297
1535 566
144 1585
2806 4331
545 2441
289 2602
2332 1917
3291 4678
625 2501
45 1981
9 10
1324 4877
651 1511
970 1491
3713 355
417 3337
191 3630
85 256
865 2681
