16
37 2 7 48 6 38 43 3 17 21 35 8 15 26 30 34
50 1 0
2 2 28
1 42 1 48
2 40 32
2 50 46
1 47 1 42
1 12 1 47
1 13 3 43 3 17
2 34 34
1 1 1 13
1 39 1 1
2 37 36
1 14 1 12
1 41 1 39
2 34 34
1 27 1 6
1 32 1 41
2 15 15
1 50 1 27
2 40 13
1 40 1 32
1 25 1 14
1 9 2 40 21
2 29 5
1 19 2 38 9
1 46 1 19
2 32 1
1 11 2 50 46
2 41 17
1 22 1 25
1 36 2 22 11
2 31 5
1 23 2 36 35
1 44 1 23
1 5 1 8
2 12 42
2 31 23
1 28 2 7 44
1 49 3 37 2 28
1 20 1 49
1 24 1 20
1 33 2 5 15
1 10 1 33
1 29 1 10
1 4 2 29 26
1 45 2 24 4
2 25 14
1 31 1 45
2 31 25
1 18 2 31 30
1 16 2 18 34
