171
330 207 78 420 340 52 327 97 222 215 140 487 5 386 62 260 377 466 18 1 387 450 312 472 268 427 26 270 262 435 116 315 448 422 165 409 147 479 70 451 66 251 27 92 182 477 105 42 91 319 90 365 314 6 382 359 232 261 310 60 346 391 486 128 233 109 467 434 218 190 134 47 411 285 151 96 114 414 272 255 358 216 376 45 159 221 405 166 154 421 339 63 234 292 80 198 206 498 256 212 299 415 400 150 173 184 496 48 219 181 250 357 225 461 89 111 369 121 453 64 374 95 99 119 457 123 408 484 196 75 185 367 306 264 442 491 318 248 247 347 210 458 199 192 34 311 328 321 363 110 295 432 283 189 361 440 239 98 21 433 108 303 200 36 138 31 10 136 263 370 156
500 1 0
2 474 284
2 173 173
2 386 386
2 105 105
1 179 1 285
2 124 101
1 445 1 414
1 229 1 179
2 199 199
2 192 192
1 3 1 229
1 475 2 3 151
2 246 135
1 364 2 114 445
2 323 421
2 468 103
1 149 1 96
1 118 1 475
1 485 1 47
1 456 1 364
2 149 12
1 236 1 456
1 478 3 118 149 236
2 256 256
1 444 1 485
1 429 1 411
1 126 2 429 478
2 340 340
2 139 363
2 453 453
2 377 377
1 113 1 126
1 132 1 444
2 248 248
2 388 477
2 34 251
1 146 1 216
1 226 1 146
1 209 1 226
1 331 2 190 134
1 65 2 132 113
2 346 2
1 388 3 331 65 272
2 328 328
1 245 2 358 209
1 305 1 388
2 27 27
1 242 2 218 305
1 44 1 242
1 13 3 44 255 245
1 499 1 13
1 468 2 159 221
2 250 250
1 193 1 468
2 5 5
1 117 2 499 376
1 103 1 45
1 74 2 103 193
1 316 2 434 117
1 345 3 467 316 74
1 223 1 345
1 20 1 223
1 186 2 154 421
1 230 1 20
1 51 1 234
1 348 1 186
1 301 1 230
2 421 421
1 323 1 348
1 4 1 301
1 380 2 109 4
2 487 487
1 170 1 380
2 197 223
2 382 382
2 195 480
1 492 4 405 166 323 339
1 141 1 492
2 118 349
2 141 197
2 120 318
1 438 2 170 141
1 155 2 438 63
1 53 1 232
2 266 479
1 17 3 233 155 51
1 174 2 53 261
1 201 3 174 310 60
1 25 1 17
2 347 210
1 350 1 25
2 415 415
1 39 1 201
1 324 1 350
2 234 234
1 35 1 359
2 79 382
1 293 1 324
1 2 2 35 39
1 419 2 382 2
2 141 421
2 453 32
2 409 409
1 87 1 128
2 421 339
1 148 1 87
1 32 1 293
1 332 1 419
1 125 2 148 32
2 206 80
1 61 2 486 125
1 137 1 61
1 37 2 332 346
1 459 3 6 37 391
2 97 97
1 129 2 365 314
1 313 2 459 137
2 289 436
1 269 2 129 313
1 158 2 90 269
2 56 101
1 464 1 158
1 135 2 464 292
1 157 1 135
1 423 1 157
2 164 264
1 352 1 198
1 46 2 80 352
1 490 2 46 206
1 298 2 91 319
1 29 2 298 423
1 307 2 29 490
1 287 3 105 42 307
2 5 5
1 115 2 287 498
2 470 357
2 212 212
1 284 1 150
2 276 268
2 120 164
1 417 2 115 256
1 334 1 417
2 460 342
1 426 1 334
1 480 2 299 415
1 195 1 480
1 344 1 195
1 204 1 426
2 42 42
2 458 458
2 409 409
2 391 391
2 375 98
1 102 1 204
2 410 95
2 51 234
2 274 52
1 378 2 102 212
1 213 2 378 344
1 474 1 284
1 107 2 400 474
1 320 1 213
2 219 219
1 82 1 320
1 167 3 82 107 173
1 9 1 167
1 267 2 9 184
1 436 1 267
2 47 47
1 336 1 436
1 430 2 477 336
2 137 170
1 73 1 430
2 16 164
2 134 134
1 171 1 73
1 379 1 182
1 449 1 379
1 197 1 449
1 72 2 197 171
2 415 141
1 83 1 72
2 291 148
2 83 129
1 281 2 27 92
1 175 1 83
1 130 1 496
2 60 310
2 395 231
2 26 26
2 239 239
1 394 1 281
1 385 1 394
1 424 2 385 175
2 224 210
2 472 472
1 227 1 357
1 333 1 424
1 237 1 251
2 456 114
2 394 27
1 476 1 227
1 302 3 237 333 130
2 182 182
1 290 1 302
1 11 2 290 48
2 306 385
1 183 1 11
2 149 96
2 16 491
2 416 479
2 319 48
2 487 487
2 150 150
1 28 1 476
1 160 2 28 225
1 220 1 183
1 19 2 250 160
1 277 3 66 220 219
2 32 388
1 401 2 181 19
1 470 1 277
2 296 193
2 276 273
1 43 2 470 401
2 321 232
2 444 485
1 373 2 43 461
2 334 382
2 383 200
1 38 3 373 89 111
1 271 1 38
1 416 1 479
1 291 1 271
2 250 476
2 367 367
1 257 3 70 451 291
2 6 391
1 24 1 257
1 79 1 24
1 266 1 416
1 325 1 147
1 86 2 266 79
2 284 150
1 101 3 409 325 86
1 246 1 101
1 57 2 246 369
1 58 1 121
2 498 146
2 62 62
1 273 2 57 58
2 205 265
1 410 1 95
1 104 1 273
2 409 409
1 169 2 104 453
1 366 1 169
1 7 1 410
2 422 422
2 352 198
1 471 1 374
2 168 252
1 176 1 64
1 482 3 176 471 7
2 471 374
1 254 1 366
1 112 1 123
2 404 83
1 203 1 112
1 15 1 254
1 335 2 15 482
1 481 2 457 203
2 404 29
1 252 1 481
1 326 2 335 99
1 231 1 422
1 275 3 231 165 326
1 168 1 252
2 63 63
1 85 1 275
2 340 340
1 49 1 168
2 89 89
1 124 1 85
1 131 2 124 119
1 349 1 408
1 489 1 131
1 172 1 489
2 207 207
1 14 3 172 49 349
2 264 16
1 428 1 14
2 283 189
2 66 66
1 483 1 196
1 300 3 428 484 483
2 400 400
2 436 90
1 152 1 116
2 222 222
1 389 1 152
1 360 2 448 300
1 59 1 360
1 289 1 59
1 497 1 289
2 183 267
1 40 1 435
2 181 181
1 393 1 40
1 244 2 315 497
1 76 1 389
1 161 2 244 75
1 208 1 161
2 53 232
1 56 1 208
1 133 1 393
2 336 117
1 403 2 262 133
1 455 3 268 427 26
1 22 4 270 403 76 56
1 398 1 22
1 371 2 455 398
1 443 4 472 371 185 367
1 404 1 443
1 431 2 404 306
1 164 1 491
1 84 1 164
1 177 1 248
1 16 1 177
1 120 1 84
1 265 2 120 318
2 325 409
2 176 64
2 254 118
2 20 285
1 469 1 431
1 402 4 264 442 265 16
1 395 1 469
1 372 1 402
2 116 116
2 410 95
1 276 1 395
1 488 1 276
2 410 176
1 205 1 372
2 376 218
1 383 1 205
1 407 1 383
1 55 1 247
2 51 234
1 338 1 488
1 322 1 407
2 466 466
1 465 1 55
1 145 2 322 465
2 159 221
1 217 1 338
1 384 1 1
1 399 1 145
1 447 2 312 217
1 294 1 447
1 238 1 399
1 88 1 294
1 30 1 384
1 297 1 450
1 437 1 30
2 210 210
1 81 2 297 88
2 489 46
1 235 2 81 238
2 448 305
2 437 415
1 54 1 437
1 224 1 458
2 128 128
1 282 1 235
1 462 1 282
1 23 2 347 210
1 67 1 23
1 106 2 67 224
2 140 487
1 162 1 54
2 51 99
1 286 1 462
2 62 155
1 362 3 387 286 106
2 366 209
2 361 314
1 493 2 362 199
1 309 2 162 493
1 194 1 309
2 42 42
1 33 1 192
1 390 1 33
2 384 363
2 415 415
2 48 48
1 188 1 377
1 381 1 260
1 397 1 18
1 355 2 397 194
1 211 2 381 188
1 392 2 355 390
1 441 2 392 34
1 353 1 441
1 288 3 211 466 353
1 153 1 386
1 342 1 153
1 460 1 342
2 62 62
1 413 2 62 288
1 356 2 460 413
2 229 179
1 425 1 356
2 261 261
1 500 1 311
1 454 2 425 500
2 216 216
2 484 484
1 100 1 328
1 187 2 140 487
1 144 2 454 100
2 296 452
2 151 151
2 314 365
1 452 1 144
1 240 2 452 321
1 494 1 5
1 495 2 215 187
1 178 1 495
1 8 3 222 178 494
2 20 236
1 214 2 8 240
1 296 1 214
1 243 1 97
1 69 1 243
2 88 321
1 337 2 296 363
1 12 1 69
1 143 1 12
2 328 474
1 253 2 143 337
1 274 1 52
1 304 3 327 253 110
1 351 3 340 274 304
1 329 2 351 295
2 104 448
2 177 466
1 68 2 283 189
1 418 2 329 432
1 278 3 420 418 68
1 77 2 278 361
2 215 215
1 249 1 77
1 375 1 98
2 378 62
1 259 1 433
2 208 485
1 93 1 375
1 228 1 440
1 241 2 249 228
2 178 215
2 487 487
1 341 1 241
1 396 3 341 239 93
2 484 6
1 139 1 78
1 406 2 139 396
1 280 3 207 406 21
2 322 84
1 94 1 259
1 202 2 94 108
1 317 1 280
2 477 477
1 308 2 317 202
1 439 2 308 303
1 180 2 439 200
1 163 1 180
1 343 1 138
1 50 2 330 163
1 191 2 36 343
1 122 2 50 191
1 41 1 122
1 354 1 41
2 58 121
1 258 1 354
1 71 1 258
1 368 1 31
2 98 98
1 412 1 370
1 142 1 412
2 379 182
2 40 262
1 127 1 71
2 178 487
1 446 1 142
1 279 3 136 263 446
1 463 3 10 279 156
1 473 3 127 368 463
2 286 216
