662
1587 536 1524 1392 916 1584 756 1264 1820 548 718 1183 699 1769 1501 945 236 1445 285 1266 363 257 785 1284 555 1402 510 387 595 1031 1377 155 231 1248 676 608 1440 771 44 225 678 1156 1474 1179 634 1160 72 450 633 1892 1633 1134 382 1087 1462 1513 804 1246 815 1632 665 514 1268 723 963 1175 211 377 123 1589 1303 563 1006 834 1383 585 1106 1086 347 217 1981 889 1948 311 515 228 1793 1961 1763 1949 1364 1765 1865 1360 356 1959 1270 100 1622 1570 1776 1722 380 1393 1018 1003 1329 683 1310 607 1533 847 1027 478 645 763 1577 1269 1822 234 700 1874 1438 706 1072 733 1037 788 1151 1294 1504 592 747 1753 637 1976 1512 925 686 1688 696 280 1779 64 512 941 315 922 186 829 83 1423 635 565 876 332 805 1704 1002 1430 882 1628 921 928 1080 302 1071 625 1389 1200 1391 532 1609 936 1791 508 988 908 854 1561 69 616 175 153 1709 1131 410 1802 129 262 1279 632 1548 451 1149 940 397 1638 755 1227 1433 806 1108 406 251 203 286 2000 121 717 1716 1194 1571 884 1128 1416 1142 1746 157 1272 1212 1477 246 650 924 1646 1782 1823 1007 1122 46 1592 745 9 1096 523 1233 391 1683 1043 390 1784 1331 1912 1228 116 1678 609 443 272 1809 361 33 1910 1093 1293 687 85 973 318 1235 1681 904 1920 37 1226 1030 1855 1240 1676 1102 1505 1203 241 1148 1453 1595 1231 1915 874 319 50 14 1885 1498 1137 1371 1511 1884 526 685 1525 61 581 1082 670 1941 1658 1795 274 1066 513 392 1091 503 572 229 1590 502 183 1479 210 1162 964 732 292 1526 640 947 442 498 66 412 1940 1758 42 701 113 932 376 308 1343 857 268 1243 187 1902 47 667 1173 190 737 1858 673 414 1413 1810 1322 775 1562 1828 1991 1898 1597 161 430 355 188 985 1260 1158 1764 48 329 1841 782 888 1211 1586 575 74 1759 1483 1032 1766 82 1547 571 1777 1774 160 248 468 975 709 1419 1178 644 403 802 1952 22 140 95 654 1800 1255 1432 1684 1169 822 697 1811 1517 567 94 1906 1729 1775 1667 1314 492 1140 413 38 812 1549 1882 1033 690 677 1911 328 1679 1873 720 1564 1454 835 542 1361 206 1168 261 1404 1450 1252 1368 425 456 1351 1942 1648 1999 722 553 599 1849 1192 126 1863 197 214 1937 27 1886 177 267 1191 132 417 1847 651 1656 1987 1669 879 1372 1011 1702 818 1600 1537 119 1285 1860 1238 1647 584 1866 1427 1786 910 809 24 1188 172 189 1380 1274 84 1379 1521 434 1789 1014 1966 133 287 1682 1718 1441 937 136 424 557 1481 239 1635 1421 1495 13 790 388 1708 781 458 421 546 461 549 1717 725 1190 576 873 1738 1926 762 797 437 349 1554 1448 1283 540 1623 825 1835 1219 263 1265 881 1761 339 1465 764 1216 196 407 303 279 1015 983 18 152 959 629 1510 86 1029 989 1439 205 1174 366 1306 714 93 56 1205 1801 2 863 293 744 1924 1193 10 1488 1527 1621 348 692 115 1425 892 16 156 21 977 1144 365 1819 758 1872 586 749 1984 51 1486 372 1352 693 1535 896 1005 401 1155 869 1932 304 828 420 841 807 1788 1689 499 995 1664 570 580 1534 80 1107 360 759 1064 1770 1097 357 171 1338 949 53 971 912 668 1406 1286 1606 1130 238 1826 368 1581 752 1651 1743 728 1551 890 543 994 1773 1627 689 1336 294 899 1287
2000 198 790
1 842 1 1206
1 3 1 842
1 1151 1 645
1 347 2 3 768
1 176 2 1151 52
1 727 1 176
1 119 4 727 347 922 841
2 984 984
2 41347 42072
1 361 1 119
1 993 1 361
1 250 1 408
1 247 1 993
1 514 2 250 1054
1 1320 1 514
2 255 403
1 455 2 247 1320
1 1533 1 455
1 830 2 1533 2033
1 1327 1 830
2 391 300
1 368 1 1693
1 751 1 368
1 947 1 751
1 271 3 217 467 947
1 1489 1 271
1 283 1 1489
1 356 1 1327
2 1506 1327
1 1369 2 706 283
1 1794 1 1932
2 325 325
1 116983 1 118633
2 117785 117181
1 1521 2 402 1786
2 1659 1659
1 274765 3 276038 275485 276206
1 275867 1 274765
1 275986 1 275867
1 276368 2 275857 276125
1 275948 1 276368
2 275374 275549
1 1565 1 836
1 1030 1 1293
1 1161 2 1030 1779
1 1709 1 1161
2 1923 1923
1 232200 2 231993 233338
2 232260 232128
2 623 1990
1 818 2 1309 301
1 1856 1 818
1 522 1 1511
1 1591 2 1856 522
1 1569 3 950 735 1927
1 294 1 1569
2 1068 445
1 1937 2 1565 1591
1 720 1 1937
1 1024 1 720
1 890 3 1024 1528 294
1 1336 1 890
2 1763 1763
1 302314 1 302471
1 302687 2 302314 302415
2 301951 301172
2 1822 503
1 479 1 1822
2 702 702
2 85810 85582
1 1311 1 32
1 409 1 1757
1 131 1 409
2 58 1522
1 35 3 479 1576 1311
1 1846 2 131 35
2 900 1170
1 1246 1 1481
1 1904 3 860 1246 1846
1 1475 2 1904 431
2 405 1805
1 716 1 1475
1 1942 2 289 840
2 2010 2010
2 243783 243780
1 1539 1 716
1 227 1 1539
1 689 1 1942
1 2015 2 1029 1787
2 1917 1917
2 224821 224821
1 382761 3 381129 382965 381595
1 382408 1 382761
1 381469 1 382408
1 381403 1 381469
2 382480 381578
1 372 1 1124
2 1705 1330
1 166 2 497 372
2 494 1657
1 172 1 166
1 1538 2 172 1495
1 1686 1 1429
1 209 3 1538 1529 1686
2 1311 32
2 306373 306373
1 241152 3 240996 239977 239761
1 240428 1 239662
2 240382 240382
1 84152 1 84966
2 84479 85988
1 424 1 1600
1 1735 1 1588
2 848 50
2 1783 1783
1 297642 1 298566
1 297202 3 297607 297642 297027
2 297787 298972
1 90931 1 90640
1 90547 3 90602 91507 91309
1 91022 1 90931
1 91106 1 90611
1 91887 2 91275 90547
1 90519 1 91022
1 90438 1 91616
1 91133 1 90519
1 90745 1 91133
2 91791 90932
1 1682 1 1890
1 1472 3 776 1735 659
1 1389 3 24 1472 1682
1 1396 1 428
1 1796 2 1541 454
2 1320 1181
2 266975 267448
2 351229 351292
2 328 1017
1 295 1 1389
1 789 2 435 1796
2 363 363
1 125332 1 125915
1 125725 1 126394
1 125990 1 125725
1 126259 2 125990 125332
1 126349 2 126856 125988
1 125632 1 126259
1 125392 1 125632
2 125314 124968
1 12 1 802
1 1845 1 12
1 96 1 607
1 1601 1 1845
1 925 2 1063 1601
1 330 2 96 925
1 855 1 330
2 174 1162
2 211 118
1 1008 1 1720
1 554 2 806 855
1 967 2 1919 1008
2 1391 1748
1 903 2 420 967
2 1003 251
1 1139 1 554
1 1403 1 1139
1 1847 1 1403
2 20 1740
1 474 1 903
2 1783 1880
1 1883 1 1823
1 1462 1 1847
1 711 1 1462
1 2000 1 816
2 2036 586
1 1558 2 1883 474
2 980 1693
1 1209 1 1558
1 1086 2 2000 58
2 1614 1614
1 270731 1 272214
1 271743 1 272337
1 271579 1 270767
1 271786 1 271579
1 271139 1 271743
1 272176 1 271139
2 271546 272157
1 8 1 1730
2 556 2038
2 1548 1548
1 259918 3 259788 258870 258525
1 258113 1 259918
1 258314 2 259246 258113
2 259489 259031
1 114 3 1307 1100 1112
1 344 1 114
2 100 100
1 175103 2 175890 175230
2 174093 175720
1 812 2 938 207
1 1046 2 1753 85
2 191 191
1 184955 3 185439 184457 185189
1 184441 2 185540 185803
1 186152 1 184955
1 186074 2 185606 186152
2 185560 185560
2 37972 38847
2 532 1968
2 859 1752
2 140 140
2 182773 182829
1 559 1 17
2 394 134
1 2039 2 1323 1802
1 921 1 559
2 420 420
1 137677 1 137983
2 138936 138551
2 992 1747
1 748 1 425
1 1049 1 2039
2 1030 250
1 359631 1 358761
1 359998 2 358817 358668
1 359250 2 359998 359631
1 359228 1 359250
1 359049 3 358722 359228 360348
1 359537 2 358524 359049
2 358676 359650
2 187707 187913
1 190363 1 188883
1 190090 1 190276
2 188771 188933
1 1319 1 257
1 1192 1 1319
1 533 1 1192
2 1377 1846
2 867 40
2 713 1761
2 1732 589
1 1141 1 357
1 2044 1 116
1 621 1 2044
2 192 926
2 910 910
1 31994 1 32605
1 31827 2 31037 31264
1 32153 1 31827
2 30911 31829
1 1844 1 621
1 1286 1 2002
2 1753 587
1 1176 2 1844 1286
1 146 1 1713
1 1973 1 1176
1 302 1 146
1 1355 1 1028
1 1012 1 1973
1 296 1 397
1 1824 2 1012 302
2 694 441
1 1102 2 1824 1607
1 1603 1 1102
1 25 3 648 1683 1355
1 1956 4 439 25 1603 984
1 385 1 296
1 822 1 1923
1 112 1 385
2 138 138
1 184063 1 182928
2 183420 184082
1 450 1 112
2 416 1542
1 71 1 450
2 1759 283
1 1865 1 822
1 630 2 71 1865
1 820 1 971
1 1628 1 936
1 1113 1 820
2 553 553
1 64294 2 65409 63680
1 64568 1 65440
2 64481 64481
1 153704 1 153651
2 154461 155415
2 1880 1880
1 217418 2 217668 218734
1 219005 2 217325 217418
2 217936 217174
2 376 1388
2 1582 1582
2 265637 265318
1 386 1 1946
1 1455 2 941 1871
1 473 2 1997 1455
1 34 2 1108 386
1 1402 1 1642
1 29 2 503 34
1 1039 1 473
1 1816 1 29
2 468 468
2 139645 140772
1 1340 2 1039 1816
1 1308 1 1926
2 269 843
1 1524 2 531 1402
1 1633 2 1340 1308
2 871 871
1 24422 2 23297 24442
1 23698 1 23791
1 23873 1 24422
1 22772 1 23698
2 24346 24346
1 258231 1 258760
2 259623 259893
1 578 2 1114 495
2 1305 1305
1 308130 1 309222
1 308828 2 308223 308130
2 307365 308298
2 1892 1538
1 1330 1 828
2 746 746
1 100572 1 100979
2 100528 100528
1 138547 3 138052 137363 138020
2 138842 138842
1 211750 1 212672
1 212474 2 211750 211195
1 211585 1 212474
1 211874 1 212326
1 211546 2 211874 211996
2 211949 211826
1 1444 1 1583
1 902 1 1330
1 995 1 427
1 1571 3 995 1780 1444
2 1430 919
1 4 1 1571
1 766 1 650
1 205 1 902
1 761 1 4
1 1864 2 761 1724
2 464 552
1 1681 2 852 766
1 688 1 1864
1 1578 4 205 688 2034 1614
2 69 507
2 989 989
1 41040 1 42479
2 42980 41423
1 1491 1 703
2 497 1006
1 148115 1 149152
1 149071 3 148985 148388 148962
1 149333 1 149071
1 148043 1 148115
1 148612 1 148043
2 147700 149091
2 107 2038
1 945 1 1205
1 932 1 1892
1 864 1 1617
1 1408 1 864
2 440 440
2 135252 135252
1 372279 2 371988 371822
1 372682 1 371969
1 371947 1 372279
1 372531 1 372682
1 371254 2 371947 371504
2 371151 370869
2 223420 223420
2 31602 31657
1 1078 1 1158
1 883 1 1078
1 10 3 387 1154 883
1 1210 1 10
2 242 291
1 1589 1 740
2 713 1761
2 274 1559
2 276 276
2 104430 102457
1 1981 3 1589 1210 1152
1 231 1 1981
1 551 1 684
2 945 766
2 33813 32845
1 1826 1 551
1 719 3 1826 231 1382
2 382 382
1 120960 3 122734 122461 121911
2 121801 120963
1 1367 1 1656
1 752 1 1367
2 1601 1293
1 272192 1 270545
1 270798 1 272120
1 271470 2 270355 271553
1 270782 1 271333
2 271042 271697
1 202010 1 202518
2 201031 201031
2 10070 8413
1 942 1 927
1 2024 3 1901 1007 942
1 1712 1 2024
2 203 987
1 310 1 1712
2 1823 1719
2 987 987
1 41929 2 42032 41801
2 42181 42093
1 863 1 210
1 489 2 1948 863
1 2007 1 458
2 418 418
1 138309 3 137733 138299 137818
1 138180 1 138309
2 137961 138423
1 723 3 1745 964 40
1 534 1 1071
1 1128 1 321
1 655 1 534
1 1834 2 1128 655
1 102 1 723
2 684 684
2 89217 89217
2 293388 293089
2 1784 1241
1 683 1 102
1 129 1 1834
1 1164 2 319 129
1 1547 1 683
1 1536 2 1547 1164
2 1926 1926
2 231839 231529
1 380100 1 379075
1 379539 1 379261
1 379048 1 380100
1 378889 1 379539
1 379121 3 380258 379048 378889
1 380314 1 379939
2 380805 380805
1 118362 2 118505 117634
1 117418 3 116880 118362 118488
1 116874 1 117418
1 118003 2 118371 118384
2 117936 118766
1 107439 1 107241
2 107153 107098
1 1331 1 693
2 1663 989
1 1924 1 1338
2 1897 1897
2 227598 228978
1 1468 2 1331 1924
2 941 941
2 37730 37871
1 1348 1 1468
2 934 832
1 1324 1 1348
2 434 434
2 135164 134079
2 1948 1948
1 231020 2 230943 230157
2 230492 231280
1 421 2 1324 1058
2 1768 1758
1 673 1 298
1 1494 1 673
1 582 2 1494 421
2 585 948
2 922 922
2 27263 27263
1 287482 2 287422 287257
2 288634 288155
2 2039 503
1 155377 1 155521
1 155204 2 154770 155419
1 155259 2 155272 154061
2 154225 155599
1 175 3 677 1159 1022
1 1244 2 1877 175
1 2004 1 1244
1 778 1 2004
1 1636 2 1852 961
2 1709 1167
1 291778 3 291937 291185 291871
2 291504 292647
1 240 1 1239
1 605 2 240 935
1 981 1 1836
1 784 1 1045
1 1530 2 784 605
2 941 941
1 37053 2 37824 37277
2 38638 37646
1 976 2 1969 914
1 260 1 541
2 2001 1791
1 136 2 260 976
1 743 2 1388 1530
1 407 3 1155 743 136
2 725 280
2 715 21
1 2014 1 407
2 52 514
1 145011 1 145061
2 144509 145065
1 308203 3 308952 307576 308423
1 309129 1 308203
2 307523 307732
1 239 1 1057
1 753 2 505 239
1 1200 1 1390
2 914 1969
1 39676 1 39770
1 40601 1 40129
2 40514 39958
2 1718 1718
1 285955 1 286582
1 285401 1 284817
2 284860 284860
2 90347 90482
1 204 1 1891
1 263 1 371
1 1688 1 263
2 1858 1858
2 219591 219591
1 81986 2 82102 82322
1 82013 3 82268 81986 82115
1 83045 2 83692 83607
2 83662 83322
2 1051 398
1 99 1 1130
2 1768 1768
1 304855 2 303873 303920
2 303118 303884
1 26435 1 26539
1 25877 1 26196
1 24695 3 25877 25350 25509
1 24810 2 24695 26435
1 25243 1 24810
1 25747 1 25839
1 26548 2 25747 25243
1 24578 1 26315
1 24714 2 26548 24578
1 26262 2 26509 25191
2 24596 25950
2 261163 261747
1 144 2 660 1160
1 1717 1 1740
1 1870 1 1717
2 121 1427
1 386206 1 385874
1 385798 1 386447
2 386930 386732
1 387819 2 387342 388758
1 387856 3 388740 388781 387819
1 387575 1 387510
1 388588 1 387575
2 387746 387746
1 26483 1 25912
1 26556 2 26483 25000
2 25288 24656
2 900 1734
2 253 253
2 200655 200655
2 354964 355169
1 665 2 1099 94
1 1930 1 804
2 485 485
1 151106 1 150024
2 150361 149724
1 2047 1 792
2 310 1801
1 1378 2 665 1199
1 1611 1 2047
2 1838 1165
1 1212 1 1611
1 930 1 1378
2 499 249
1 1372 1 930
1 1490 2 1212 1372
1 1815 1 1490
1 1310 1 1815
2 458 863
1 240413 1 240991
1 241313 3 241395 240743 240841
1 239907 1 241313
1 241214 1 240413
1 239964 1 241214
1 241208 1 239964
1 241376 1 239907
1 241359 4 241208 240464 241376 239965
2 240972 240531
1 1043 1 1898
2 675 675
1 87908 1 86284
2 87069 87069
1 38606 4 37625 36877 37817 36962
1 37282 3 37831 38663 38606
2 37422 37544
2 1364 1283
1 968 1 1654
1 1546 1 819
1 414 2 968 1366
1 1335 2 414 1303
1 273 2 1880 1783
1 353 3 1957 999 1335
1 1409 1 273
1 1149 3 1434 1409 353
1 912 1 1555
1 571 1 865
2 1853 1424
1 1876 1 1546
1 1352 3 1998 1149 571
1 1505 2 1352 912
2 603 1472
1 66641 1 66153
1 67163 2 66641 65963
2 65622 66269
2 1672 1672
1 284838 2 284707 285072
2 286384 286384
1 22462 2 22136 21724
1 22271 1 22462
1 21334 2 22271 22117
1 20952 1 21432
1 22010 1 21334
1 22357 3 20952 21696 21516
2 21075 21245
1 1798 3 1097 1065 1766
2 1740 1740
1 297251 1 297721
1 298670 1 298326
1 298824 2 298976 297080
1 297028 2 297251 298824
1 298068 1 297028
1 298811 2 298068 298528
2 298003 298003
1 25729 1 26576
1 25251 1 25729
1 26232 1 24974
2 26497 26497
1 291744 1 291328
1 290849 1 291251
1 291888 4 292403 290849 292266 291744
2 292515 292515
1 216987 1 215806
1 215614 1 216987
2 215054 215054
1 133406 2 134871 133825
1 133728 2 133406 133867
2 133753 133682
1 147 3 899 1837 1383
2 0 0
2 157314 157314
2 181672 181672
2 245704 244660
1 195200 1 195783
1 194615 2 196077 196070
2 195552 194560
2 1215 1321
2 276 276
2 104189 102569
2 1012 921
1 46664 1 46943
1 45327 1 46664
1 45535 3 46405 46093 46568
1 45285 2 46710 45535
1 45284 1 45327
1 45091 1 45285
2 46729 45155
2 1618 430
1 1235 3 565 754 63
1 20 1 1235
1 1821 2 20 782
2 1432 301
2 1134 1573
1 1501 1 1821
1 1534 2 823 1501
1 1313 1 1970
2 1686 1429
1 279490 1 278827
2 279712 279121
1 663 1 322
2 1319 645
1 314609 1 314618
2 315026 314968
2 223043 223043
2 383868 383868
2 287175 287175
2 192032 192296
1 350547 1 351642
1 352239 2 351198 350963
2 351304 350681
2 1170 164
1 1765 3 311 1322 1931
1 543 1 1765
1 1395 1 543
1 477 2 1395 1650
1 461 1 477
1 705 1 834
1 1690 1 1515
2 1782 1782
1 297478 2 297325 298828
1 298572 1 297476
2 297300 297010
1 1426 3 678 705 1653
1 1939 2 1772 1690
2 1854 1854
1 211869 2 212807 211114
1 211001 1 211263
2 210952 211829
2 1602 1602
1 271328 1 271081
1 271948 2 270669 271328
1 271957 1 271327
1 271837 1 271948
2 271175 270342
1 209589 1 210543
2 209564 209381
2 358146 357903
2 979 960
1 118986 1 118790
1 119001 2 120688 119694
2 118897 118897
1 151500 1 149517
1 150666 1 150358
2 150460 150728
1 1817 2 1498 1692
1 206 2 1817 334
2 203 203
1 197121 1 197048
1 198037 1 197121
1 197775 2 196609 197877
1 198176 1 197218
1 196900 1 197775
1 196903 2 198037 198176
1 198487 3 196903 196900 197751
1 197335 2 197975 198487
2 197089 198333
1 142068 1 143325
1 141328 1 142934
1 142772 2 142068 141328
1 141676 2 142772 143308
1 142874 2 141676 141377
1 143250 3 141413 142194 142714
1 143282 1 142874
1 143077 2 143282 143250
1 143162 2 141855 143015
1 142807 3 143162 143077 142939
1 142668 2 142304 141739
1 141718 1 142807
1 142385 1 141718
1 142150 3 142668 142385 143227
2 141383 141383
1 335348 1 334479
1 334657 2 335348 335159
2 334866 333907
1 1622 1 1518
2 204 1390
2 196102 195187
1 1431 1 656
2 728 1673
1 1457 1 1431
1 1156 2 1869 1759
2 478 1748
1 288 1 1457
1 1394 3 288 1622 1156
1 1698 1 1394
1 123 1 1698
2 633 140
1 1351 1 658
1 109 1 1797
2 723 1104
1 260883 1 260389
1 260673 2 260775 260883
1 260848 1 260785
1 260211 2 260848 260673
1 260369 3 262057 261191 261149
2 262069 260918
1 446 1 687
2 1813 1813
2 204137 204717
1 220 3 1413 446 973
1 1165 1 0
1 1131 1 1466
1 1848 1 1131
1 1204 1 1848
1 1342 2 220 795
1 290 1 1351
1 970 1 1342
1 952 2 970 1165
1 93 2 952 290
2 1177 1405
2 102 1937
1 174549 1 174401
2 175229 175229
1 241518 1 240712
1 240906 2 241518 239777
2 241562 241562
2 30933 31044
1 1285 2 287 27
1 943 3 1991 517 1285
1 1404 2 1886 285
1 750 2 1404 943
1 1900 1 750
1 162 2 1908 824
1 1700 1 1900
1 1967 2 162 1326
1 1232 2 799 1700
1 1101 1 1967
2 1717 1740
2 284744 285761
1 1026 1 1101
2 1003 251
2 683 1628
1 88092 1 89581
1 89781 2 88342 88092
2 89236 89704
1 327442 2 325957 327648
1 325932 1 326351
1 327075 2 327442 325932
2 327093 327376
2 10895 10895
1 269071 4 269097 269233 268888 269805
2 268823 268823
1 372286 2 371694 371820
1 371129 3 372612 371819 372611
1 371246 1 372286
1 372470 1 371246
1 372540 3 372470 371715 371129
2 371169 371545
2 1096 781
1 45956 2 46324 45275
2 45803 46318
1 194952 1 195092
1 194662 2 195682 194952
2 195747 196463
1 171867 1 170751
1 170865 2 170433 171148
1 171103 2 170865 171867
2 171479 171479
1 182040 1 181090
1 182041 1 182040
1 180794 2 181409 180626
1 181159 1 182190
1 180456 1 181159
2 180726 180590
1 417 3 342 127 666
1 1540 2 1387 417
2 1073 375
1 595 1 72
1 1479 1 2030
1 55 1 1479
1 937 2 412 1540
1 584 2 1333 98
1 1862 1 907
1 1840 4 55 1962 595 937
1 893 2 1862 1840
1 1829 1 1476
1 1185 1 893
2 1222 1222
1 396366 1 396152
2 395458 396583
1 1785 1 1185
1 646 1 1785
2 841 841
1 18779 1 19111
2 20027 20027
2 150999 151194
2 1118 581
1 1986 2 1829 646
1 5 1 1986
1 141 1 5
2 1856 301
1 219454 2 220248 220580
2 219259 221142
1 67513 1 67437
1 67017 2 66512 66621
1 66255 1 67513
2 67299 66147
1 63868 2 64088 65071
1 64624 2 64411 65475
1 65455 4 63877 64624 64185 64862
1 64240 1 65455
1 63795 1 63671
2 65479 65479
1 49595 2 50017 50285
2 50449 50252
1 619 2 1300 492
1 1966 1 619
2 606 606
1 65983 1 67523
1 66093 3 66039 65945 66870
2 67017 67441
1 56 1 807
1 1365 3 56 1222 181
2 1306 1306
1 308204 1 308905
1 307915 1 308204
1 308997 1 307217
1 307939 2 308997 308559
2 307229 307750
1 328324 1 328182
1 328318 3 328149 328922 328946
1 328940 2 328318 328324
1 328151 2 328549 328727
1 328553 1 328940
2 329588 329588
1 365889 2 364803 365501
1 364686 1 365889
1 365221 1 365972
1 365642 1 364686
1 365914 1 365887
2 366584 366558
1 1881 2 292 266
1 1240 2 1755 1881
1 1075 1 1284
1 1059 2 1075 1240
1 1562 1 1995
1 1626 3 1562 587 1059
1 31 2 1679 1626
1 770 1 47
1 1733 2 31 1345
1 1191 2 1733 770
2 1497 1497
2 344812 344083
1 155982 2 156200 156688
2 155771 155771
1 32329 1 32739
1 31709 1 32329
2 31687 31786
2 1397 1397
2 324174 324585
1 1705 1 1191
1 913 1 1705
1 694 1 913
1 38 2 1392 1725
1 698 1 38
1 1988 1 1085
2 1796 1081
1 980 1 694
2 1965 503
2 155406 155406
2 82323 83545
1 38517 3 38882 38851 38573
2 37948 36875
2 2023 2023
2 251901 251321
1 94868 2 94873 94511
1 96154 2 94868 95719
1 94615 1 95560
1 94482 2 96057 94454
1 94314 1 94615
1 96036 1 96154
1 94585 2 94314 96036
2 95836 94374
1 375326 2 375042 375145
1 376114 1 376282
2 375448 374812
1 189481 2 190402 188474
2 190394 190394
1 167826 1 167868
2 166901 166300
2 229153 228282
1 1150 1 966
1 22 3 1839 366 1150
1 611 1 22
1 1081 1 2023
1 1744 1 528
1 502 1 529
2 632 632
1 72797 1 72322
1 72995 4 72797 73265 73124 71787
1 73521 1 72995
1 71759 1 73521
1 72895 1 71759
2 72204 73201
2 540 895
1 76849 1 77787
2 76233 75912
2 11 922
2 238196 237659
1 265934 1 266015
1 265786 3 264591 265934 264340
1 264666 2 265342 265786
2 264376 264787
2 2016 882
1 1189 1 1527
1 593 2 1467 729
1 1072 1 593
1 1556 1 1072
1 1040 3 911 1556 775
1 779 1 1189
1 404 1 1040
1 324 1 404
1 2043 1 324
1 9 1 103
2 1104 1982
1 370554 3 369875 368785 370531
1 369118 2 370554 369761
2 370007 369700
1 1746 1 2006
1 195 1 1716
1 466 2 1746 978
1 173 1 581
1 1906 1 466
1 609 1 173
1 615 1 609
1 201 1 490
1 669 2 195 615
1 1914 1 669
2 1874 1644
1 1903 1 1906
1 1385 1 201
2 129 319
2 387042 386356
2 1696 999
2 1517 551
2 1833 1833
1 215409 2 215440 215958
2 216484 216139
1 117031 2 118591 118506
1 118109 2 117051 117031
1 116811 2 117526 118109
1 118347 2 118090 116811
1 117396 2 118347 118221
2 118219 118219
1 335804 2 334841 334761
2 335436 335092
1 257353 1 256831
1 257830 1 257938
1 256229 1 257353
1 257320 1 256229
1 257008 1 257830
1 257998 2 257320 256775
1 258036 1 256455
1 257191 1 258036
1 256965 3 257008 257998 256487
1 256056 1 256965
1 257109 2 256056 257191
2 256780 257638
1 124212 1 123098
1 124655 2 124192 124138
1 124880 3 124557 124423 124655
1 123516 1 124212
1 124656 1 124361
1 123858 1 124880
2 124593 124593
1 9831 2 9161 9058
1 8985 1 9963
1 9546 1 9831
1 9783 1 8807
1 8829 2 8985 9783
2 8956 8956
2 226848 226149
1 291345 3 291384 292173 291450
1 292733 2 290888 291432
1 292503 1 292733
1 292768 2 292503 291345
1 292339 1 292683
1 292634 1 292768
1 290884 2 292339 292634
2 292779 292607
2 638 638
1 73114 1 71966
1 72393 1 73114
2 72937 72937
1 205848 2 206639 206496
2 205502 206489
1 223943 1 224918
1 224843 1 223943
1 223804 1 224843
1 224880 1 224150
1 223526 1 224880
2 223893 223893
1 83843 1 82036
2 82968 82968
2 214436 214708
1 326804 2 327389 326483
2 327224 327224
1 141526 1 141822
2 142125 142439
2 2 149
2 1686 1429
1 278909 1 279955
1 278626 3 279115 278691 278875
2 280288 279707
2 97913 97913
1 288056 1 288602
1 288346 2 286951 288736
1 287006 2 288346 288325
2 287367 288203
1 370 1 128
1 1405 1 370
1 821 1 1190
1 433 1 821
1 570 1 1405
1 1697 1 570
1 1572 1 1697
2 2017 1638
1 1079 2 1548 476
1 2026 2 433 1572
2 297 922
1 271242 1 271267
2 271394 272133
1 148885 1 148197
1 147789 2 147768 147794
2 149209 149209
1 157784 3 158736 158199 157896
2 157899 157899
1 16540 1 18326
1 16424 1 16540
1 17354 1 18016
2 18375 18375
1 258986 1 259894
2 259354 259354
1 149239 2 149149 147668
1 148899 1 149239
1 148142 1 147940
1 148290 3 149240 148142 148883
2 148976 148976
1 73848 4 74746 73758 75053 75519
1 75059 1 75515
1 74573 1 74869
2 73806 74947
2 385516 386811
1 209030 2 210192 208987
1 209982 2 209870 209030
1 210281 2 210031 209774
2 209257 209306
2 336366 336272
1 155 1 222
1 1060 2 155 843
2 1520 1520
2 351648 351624
2 217 217
2 193179 193539
2 336968 337709
1 385249 1 385548
1 386397 2 386977 385249
1 385719 1 386397
1 386994 1 385719
2 386360 385597
1 1910 1 1924
1 47 1 1328
1 378 2 1910 777
1 958 1 378
1 761 2 47 958
1 830 1 1982
2 1759 1759
2 70806 70592
1 365246 1 364981
2 364676 364676
1 226156 1 226360
1 226288 2 227046 227060
1 227209 3 226156 226277 225695
2 227014 226576
1 328895 2 328648 329611
2 329716 328810
1 97918 1 97506
1 97750 1 97918
1 97740 1 97750
1 98250 2 98284 97740
2 97247 97247
1 3276 1 2559
1 2178 1 3276
2 3489 3489
1 16228 3 15703 15065 16309
1 16135 1 15171
1 15472 2 16135 16228
1 14390 2 15472 15512
2 16066 16066
1 353078 2 352365 353788
1 353884 1 353078
1 354157 2 353107 353809
1 353712 2 354157 353884
1 353641 1 352299
1 353170 1 353712
2 353001 353001
1 358515 1 359554
2 359240 359665
1 1976 2 51 1407
1 1294 2 796 1909
1 362 2 1976 1294
1 881 1 122
1 873 1 881
2 1678 1410
2 385931 386412
2 217004 216873
1 149175 1 149432
2 147937 147680
1 209972 1 209122
1 210128 3 209902 209629 209972
1 209213 1 210128
2 210925 210925
1 229213 1 228213
1 227936 1 229342
1 228316 2 228398 229213
1 227887 2 228316 227543
1 228356 1 228406
2 227565 227565
1 326793 1 327293
2 325890 325890
2 183575 183575
1 3693 1 3058
1 2271 2 2377 3693
1 2255 2 2271 3938
2 3926 3926
1 138155 1 139099
2 137520 137618
2 315 534
1 221275 1 223064
2 222838 221928
1 958 1 1689
1 1123 2 958 1646
1 242 1 291
1 1454 3 1123 242 717
2 541 1015
1 234 1 1454
1 303 1 234
1 1714 2 43 837
1 1115 1 869
1 1048 2 303 1115
2 1778 193
1 299242 1 300080
1 299108 1 300816
1 299222 1 299242
1 299337 2 299310 299908
2 299423 299704
2 270414 270981
1 1362 2 1866 1749
1 1341 1 1362
1 633 1 2040
1 1889 1 1341
2 1797 1797
1 207487 1 208052
2 208218 207616
1 313590 1 315122
2 314251 314997
1 558 2 557 1202
1 214 2 558 1889
1 343 2 1727 214
1 1247 1 1671
2 1677 1777
1 285799 1 286498
1 285656 1 285799
2 285623 286099
1 1471 2 1453 1247
1 1142 2 1471 106
1 1842 1 1142
2 614 614
1 72578 1 73694
2 72700 72700
1 264687 2 264816 265612
1 264605 1 264276
2 265473 265473
2 294197 294768
1 527 1 278
2 1866 717
1 318536 3 317902 318970 318655
1 318258 1 318536
1 319033 1 318669
2 319102 319102
1 181281 2 181507 180930
2 181276 181017
2 180 180
1 358172 2 357390 357493
1 357733 1 358301
1 357045 1 358172
2 358335 357009
2 199450 199024
1 436 1 573
1 275 1 436
1 1519 1 199
1 1827 2 275 1509
1 1482 3 1422 1827 1517
1 1234 1 1519
1 1438 1 1482
1 2032 3 1438 771 1234
1 312 2 2032 1902
1 1187 2 440 312
1 1050 1 1037
1 625 1 1050
1 997 1 1187
1 1810 2 997 635
1 1117 1 1810
1 1878 2 1117 625
2 1012 1973
2 46302 45698
1 797 2 139 1878
2 1860 716
1 314 1 1094
1 422 1 314
1 944 1 797
1 1978 1 422
2 545 602
1 2021 1 944
2 1886 285
1 326344 1 326612
1 327163 1 326539
1 326874 2 326962 327061
1 327339 2 327163 327054
1 327428 2 327339 326344
1 325813 2 327428 326874
1 326474 2 326288 325813
1 327429 2 325816 327499
1 325843 2 326474 327429
2 326019 325926
1 355045 2 354427 354408
1 356238 1 354829
2 356157 354525
1 1963 1 1782
1 613 3 1584 859 610
1 845 1 509
1 1542 3 1963 326 845
2 338 338
1 116121 1 114841
1 115576 1 116121
1 116718 1 115962
2 116160 116160
1 211089 1 212266
2 212884 212884
1 9031 1 9014
1 8614 1 9195
2 8343 9005
1 1349 3 1922 363 1087
2 1343 1343
2 312058 311694
1 982 1 1379
1 228 2 982 1349
1 583 1 228
1 448 1 2
2 1034 1034
1 360635 1 362356
1 361480 3 360925 360620 361715
1 361803 2 360635 361480
2 360922 360922
1 225308 1 225628
2 225937 226659
1 55167 1 53682
1 54855 2 55138 55167
1 55273 1 54845
1 54135 1 54614
1 54607 2 53647 54855
2 53471 54978
2 516 516
1 54071 1 53464
2 53557 53250
2 363348 364135
2 171469 171469
1 170552 2 170565 171922
1 170571 1 171435
1 171582 1 171819
1 170425 2 170211 170552
2 170893 170952
2 192305 192305
1 274500 1 276251
1 275226 1 274500
1 274629 4 275226 275189 274732 276139
1 276221 1 274629
1 275764 1 276221
1 275529 3 274671 276242 274520
1 274480 2 275789 275764
1 275519 1 275801
2 275627 275627
1 55191 1 53948
2 54070 54070
2 21479 21479
1 199889 2 199198 199500
1 200411 1 199689
1 199296 1 199889
1 198891 1 200411
1 198983 2 200209 199296
1 199978 1 199780
1 200517 1 199978
2 200603 200603
1 6048 1 6110
2 4956 5247
1 118693 1 118000
1 117127 1 117598
1 117426 1 118050
2 117310 117089
2 84757 84757
2 237404 237132
1 1003 1 259
2 482 2022
2 1811 1811
1 203366 2 204486 203276
2 204334 204241
2 730 838
2 659 843
1 364869 2 365671 365921
1 366053 1 366032
1 365638 1 364549
1 366557 1 364869
1 365546 2 365638 366053
2 366246 365990
1 636 3 1343 1036 59
2 249 249
1 199032 1 199324
1 198961 1 200565
1 199703 2 198961 199032
2 200268 200268
2 16643 18159
2 1403 1795
1 325920 1 327276
1 326869 1 327666
2 326877 327366
1 320261 1 319607
2 320078 320096
2 11062 12258
2 201060 202483
1 288011 1 287694
1 287768 1 288011
1 288681 1 288315
1 287649 1 288681
2 288547 288547
1 39873 2 39770 39254
1 40445 1 40855
1 40918 1 39317
1 39416 2 40492 39696
2 40931 39889
1 608 2 690 95
2 420 420
2 137429 137429
1 134382 2 134586 134503
2 134671 133879
1 223244 1 224949
1 224977 2 224414 223302
1 224680 1 223387
1 223423 1 224389
1 223824 3 224680 223244 223423
2 225017 224339
1 301997 1 302623
1 302670 2 302361 301726
1 302894 2 301656 302670
1 302279 1 302894
1 301577 1 301997
1 302255 1 302531
1 302763 1 302279
2 302833 302458
1 86966 3 87294 86616 88040
1 87197 1 86966
1 86898 2 87753 87197
1 87271 2 86804 86898
1 87229 2 87802 87271
1 86061 1 87484
1 87736 1 87292
1 87868 1 87229
1 87767 1 87736
2 87150 87150
1 177373 3 176638 176882 177961
1 176180 2 177903 177373
1 177456 1 177380
1 177849 3 176149 177456 176180
1 177754 1 177849
2 177060 178162
1 395657 2 395868 396106
1 395529 2 396841 395657
1 395620 1 395529
1 395481 2 396067 396137
1 396336 2 395481 396463
2 396103 395339
1 386223 1 386326
2 386941 386941
2 178464 179796
1 251554 1 251806
1 250067 2 250739 251447
2 251729 251793
1 30287 1 30631
1 29126 1 30287
1 30030 2 29616 29142
1 28994 1 29126
1 29864 2 28994 30030
2 29053 30073
2 325 325
2 117921 116864
1 343498 1 342411
2 342491 342553
2 361835 361835
2 107109 108019
1 314696 1 314607
1 314179 2 314696 313508
1 315050 2 314523 314179
1 314578 1 315050
1 314944 2 314730 314939
1 315190 2 314944 314025
1 314023 1 315190
2 313432 314233
1 132699 1 131243
1 132641 2 132041 132497
1 131371 2 132644 132641
1 132234 1 132673
1 133014 1 132830
2 132449 132449
1 285152 2 286700 286241
2 286469 286469
1 327956 1 329617
2 329673 329673
2 86758 86758
1 81868 2 81384 80922
1 81494 1 80867
1 80293 3 80344 81494 81868
2 80054 80054
1 213413 1 214915
1 213662 1 213413
2 214960 214960
1 226580 2 225405 225992
2 227010 225773
2 165909 167064
1 385203 1 386634
1 385236 1 385203
1 386939 2 385236 386537
1 386340 1 386939
1 385116 2 386302 386340
1 385481 1 386432
1 386136 1 385481
2 386040 386040
2 31480 31480
2 32686 32715
1 293974 1 294226
2 293703 293703
1 61137 1 61115
1 61415 2 59949 60347
1 59633 1 61415
2 59413 61221
1 339444 1 339295
2 339935 339935
1 37473 3 38717 37149 37081
2 38270 37178
2 366290 366152
1 1411 1 831
2 185 1600
1 186903 1 187803
2 187625 187452
2 208874 208182
1 1421 3 1411 1758 1768
1 1680 2 1421 838
1 1179 2 1010 1047
1 1814 1 1680
1 498 1 1179
1 1999 2 498 1814
1 1859 1 1999
1 1093 1 1859
1 174 1 1162
2 1068 445
1 367298 1 367984
1 368253 1 366965
2 368348 368113
1 5888 1 5577
2 5603 4624
1 378901 1 380130
1 379944 2 380886 378959
1 380571 2 379944 379270
2 379225 379219
1 229763 1 229532
2 230295 230295
2 14973 15710
1 118461 1 117543
1 116869 2 118354 117187
1 117910 2 118461 116971
1 118319 1 117910
2 117348 117348
1 99819 1 99771
1 98576 1 98982
1 98753 2 98576 99819
2 98383 98383
2 349957 349563
1 178498 1 178474
1 179878 3 178498 178344 179660
2 179232 180033
2 219836 219802
1 256540 1 257462
1 256130 1 256044
1 256490 1 256130
2 257577 257577
1 251724 2 250487 250840
2 251080 251080
1 327859 1 327778
1 329604 2 328521 327859
1 328079 1 329604
2 328532 328532
1 345684 1 345769
2 346105 346105
2 121736 122554
1 201947 3 202079 202096 201389
1 202677 1 201947
1 202140 2 202035 202677
1 201323 1 201512
1 202594 3 201251 201734 201323
1 201713 3 201359 202594 202140
2 202229 202680
2 232032 233237
2 602 1157
2 366800 366800
2 41941 41941
1 140611 1 139346
2 141275 139284
2 259868 258962
1 326990 2 326157 325839
2 326985 326985
2 175071 175507
1 1913 2 293 1175
2 1280 2036
1 310358 1 309829
1 310233 2 309859 310631
2 309522 309724
1 345638 1 344830
1 344366 2 345457 345638
2 345143 344797
1 1990 1 965
1 66 2 1990 623
1 1125 2 1921 66
1 1894 1 1315
1 1621 1 1125
2 1854 1717
1 295259 1 295307
1 294921 3 296049 296214 295259
1 295910 1 296258
1 294975 2 294921 295268
1 296148 1 295910
2 295086 295086
1 35319 1 35553
2 35887 35941
1 256163 1 257563
1 257464 1 257776
1 256178 3 256269 257443 257464
1 257170 1 256163
2 256904 256881
1 194 1 1660
1 104 1 957
1 449 2 604 194
2 1423 1423
1 335547 1 334188
1 334771 1 334033
1 333974 2 335547 334327
1 334574 2 335617 334118
2 335426 335543
1 290192 1 288873
1 289834 1 290192
1 288790 2 289292 289216
2 289518 289137
1 101772 2 101204 102248
1 101931 1 101174
1 101791 2 101931 101772
1 100509 1 100371
2 100789 101641
1 95720 1 94844
2 95784 95784
2 83507 82915
1 157011 1 156991
1 157546 1 157011
2 157034 157034
2 32215 31110
2 94155 94155
1 327050 1 325825
1 327660 1 325634
1 325826 1 327050
1 326484 2 327589 325930
1 326135 2 325826 326484
1 326291 1 327660
1 326995 3 326911 326135 326314
2 326724 327061
2 349236 349161
1 123127 1 124488
1 124560 1 124267
2 124700 123940
1 1609 1 1445
1 592 1 962
1 2001 1 1791
1 849 2 1609 1992
2 1762 1762
1 302731 2 301436 303094
1 301295 3 302333 301181 302731
1 301140 1 301295
1 302685 1 301140
1 302451 1 302685
2 301625 301625
2 102541 103902
2 299676 299676
1 71058 1 70332
1 71008 2 70211 70849
2 69916 71254
2 310957 310957
1 30768 1 32165
1 31782 2 31490 30768
2 31155 31155
1 332861 2 332159 331790
1 332985 1 332570
2 332430 333524
1 283016 1 284330
1 283134 1 284206
1 283986 1 283371
2 283158 283158
2 122128 122128
1 274512 1 275756
2 275526 275959
2 334304 334304
1 77261 1 77746
1 77229 1 77261
2 76449 77653
2 269714 269714
1 130037 1 129310
1 130554 1 129745
1 130024 1 130554
1 131052 1 129703
1 130112 2 131052 130024
1 130282 1 130112
2 129045 129140
1 168516 1 168772
1 169612 3 168057 168516 169623
1 169671 2 169612 169711
1 168505 1 169051
1 168587 2 169863 168505
2 168938 169889
1 101527 1 100476
1 101490 1 101527
1 100647 1 101424
2 101150 101150
2 100672 102189
1 219425 1 219637
2 219274 221143
2 338010 339476
2 298357 298923
1 680 1 1658
2 1012 171
1 46880 2 45246 45549
1 46654 1 46880
2 45987 45805
1 133618 1 133705
1 134181 2 133301 133581
2 135155 134364
1 1925 1 367
2 193 193
1 195745 1 196563
1 196069 2 195620 195745
1 195758 2 194933 196069
2 195110 195213
1 129756 1 129460
2 129477 129477
1 224717 2 224102 225190
2 224854 223342
1 87795 1 86207
2 87618 87618
1 31210 1 32091
2 32726 31217
1 55608 3 56210 56526 57165
1 57149 3 55416 56985 57024
2 55678 57269
2 285200 284944
1 256849 1 257755
2 257996 256269
2 143155 142336
1 97748 1 97802
2 97744 97114
1 312505 1 311480
2 312752 312752
1 155478 1 155181
1 155117 2 154237 155478
2 153694 154119
1 227286 2 227283 225695
1 225471 1 226171
2 225773 225984
1 279905 1 279012
1 278579 2 279713 279905
1 278943 1 279496
1 279702 1 278943
1 279101 2 279174 278579
2 280198 280198
1 336562 2 336189 336833
2 337236 336062
1 90906 2 91612 90628
1 91371 1 91392
1 90908 1 90906
2 91042 91304
1 142520 1 141688
2 141992 142239
1 84639 2 85866 85341
2 85467 85467
1 255229 1 254825
2 255460 255498
1 43763 1 44768
1 44995 1 43993
1 44565 1 43763
1 43970 2 44565 44995
1 43817 1 44499
2 44448 44741
2 53124 52995
1 302213 2 301950 301885
1 301699 1 301973
2 302781 302759
2 134803 134653
1 285111 1 285392
1 285068 2 285111 285910
1 285511 1 285068
1 286358 1 285511
2 286481 284691
1 291439 1 291220
1 292365 1 291439
1 291126 1 292365
1 291954 1 291240
1 291028 1 291954
1 292801 2 292844 292648
1 292274 3 292271 291028 292801
2 292727 292727
2 114004 114112
1 340968 1 340079
1 341416 2 341227 341688
1 340045 1 340968
2 340927 340979
2 160605 161788
2 388404 388404
1 137769 1 138715
2 138974 138974
1 197124 1 196826
2 196982 196982
1 135503 1 135650
1 137167 1 136181
1 136310 2 137167 135551
2 136752 136124
1 147901 1 147599
2 149013 149334
2 153692 153692
2 381637 381637
1 326120 2 326148 326198
1 325985 1 327320
2 327078 327078
1 366671 1 368584
2 368564 368564
2 82349 83465
2 283056 284637
2 219159 219292
2 94389 94389
1 157599 2 156502 156078
1 155667 1 157426
1 157471 1 157599
1 157275 2 156419 157302
1 157420 1 157692
1 156756 1 157307
1 156280 2 156756 157471
1 157007 2 156280 157420
1 156342 2 155667 155757
1 155770 1 157007
1 156812 1 157275
2 156981 157584
1 10756 2 10415 10851
2 12097 12097
1 16535 1 17882
1 16517 1 16715
2 17992 17745
1 104891 2 105928 105437
1 104709 1 105066
2 106251 104526
1 45610 1 47085
1 45525 1 45253
1 46425 2 46141 45745
1 46699 1 46992
2 46254 46259
2 202497 202709
1 7501 2 6922 8011
2 6659 6659
1 54152 1 54505
2 55034 55034
2 286993 288324
1 284111 2 284258 284213
1 282675 1 284111
2 284338 283102
1 343887 2 342662 344002
2 343126 343126
2 299817 300351
2 84383 85436
1 39642 1 39426
1 40382 1 40120
2 39306 39177
2 277797 277797
2 206082 206082
1 154560 2 154540 153797
1 154628 1 155553
1 154111 1 153949
1 154732 1 154628
1 154791 1 154732
1 155269 1 154262
1 153774 1 154560
1 155521 1 154791
2 154539 155351
1 112023 2 111131 111924
1 112286 1 112182
1 111064 1 111434
1 112012 2 112286 112023
2 111263 112151
2 84379 85409
1 370810 1 372543
1 371468 2 370810 372558
1 371595 3 370816 372355 371468
2 370899 371201
1 69356 2 68570 68410
2 68633 68633
1 294862 3 292910 294521 293722
2 294199 293868
2 227221 227017
1 33966 1 33548
1 34416 1 33966
1 33696 1 33946
1 33065 2 34531 33696
2 33342 33329
2 219292 219444
1 394906 1 395028
1 395081 1 393472
2 394015 394015
1 85605 1 85736
2 84089 84899
1 329535 2 328769 328152
1 327823 1 329535
2 329656 329665
2 312533 312533
1 121980 2 122072 121285
1 120927 1 122582
2 121318 121318
2 205802 205647
2 312042 313295
1 219334 3 220069 220758 221062
1 219699 1 221162
1 219909 1 219334
2 220228 220228
2 327903 327978
1 337305 1 336504
1 336145 2 336718 337305
1 337433 1 336145
1 336008 1 337433
1 336503 1 336379
1 337787 2 336503 337522
1 337370 1 337787
2 336361 336039
1 133876 1 134217
1 133703 1 133403
1 134312 1 133876
1 134521 1 133703
1 134923 1 133584
1 133343 2 133474 134312
1 134484 1 134923
2 133272 133272
1 359193 2 359940 359977
1 359151 1 359311
1 358432 1 359193
1 358913 2 359151 360249
1 359283 2 358966 358432
2 358587 359521
1 223172 2 222633 222093
1 221907 1 223212
2 221418 222157
1 95418 3 95248 94471 95562
1 95097 1 95418
2 94875 94875
2 25368 25034
1 394414 2 394657 394996
2 394669 394445
2 154322 154322
1 381215 2 382039 382640
1 381161 1 381215
1 381195 1 381161
1 382342 1 381973
2 382903 382903
1 7198 2 6688 7853
2 7994 7169
2 179082 178276
1 44309 2 44631 43091
1 43407 1 44309
1 44887 2 44679 44032
2 44001 44001
1 369330 1 369812
1 369630 1 368764
1 370676 2 369228 369630
2 370581 370141
2 49371 49371
1 37795 2 37596 38810
1 36962 1 37340
1 37643 2 38008 37795
1 37364 1 36962
2 37189 37818
1 308789 1 307864
1 308057 1 307303
2 307890 307890
1 72435 2 72615 73419
1 72871 1 73425
1 72866 1 72435
1 71779 2 71997 72871
1 73278 2 72982 71779
2 71955 72355
1 114462 1 114679
1 114203 1 114588
2 114596 114596
1 269362 1 268809
1 268963 4 268412 268665 269362 268425
