369430
204886
815733
493268
276024
135608
207758
292258
683306
413182
639639
596670
87832
817943
182912
193399
26392
302927
506080
627332
305824
26392
311808
902656
1026048
1222144
1130928
1089952
1148416
4551104
139264
11161632
180224
4359595
14753792
19232984
630223
5865472
55181312
71896
96505982
204734464
30844960
90157504
25165824
63307776
626327552
81648128
69206016
121634816
174942
8230
378810
367578
750680
766987
12840
653036
225120
253568
766644
27932
252544
1418450
89691
3214520
535896
8230
774656
7617731
130656
71680
14751744
95920
4866048
19376
28213248
2741888
67960484
20971520
7557120
724101120
129600
607940800
471394304
883425280
125829120
180879360
889716736
928400511
6291452
950009853
512543309
77009926
459276288
572522493
828803072
15616
75825152
721420250
1315573
307601
328890
575138
100786
392558
82164
142602
576518
1243674
104208
61688
61688
98112
246760
257934
83188
233680
90112
66048
3527000
224136
140640
79864
4365224
3358720
14268604
387944
6283264
9216
84410368
39273600
166156816
106884224
3206400
616705152
529856
10485759
120704
659977367
646360703
900215419
503808
345505774
696254464
756154334
587202499
74478080
117440454
348217311
160821
218400
1255987
1044331
24735
428448
30360
81920
378058
192884
428130
237850
255011
1133632
116820
1578784
338072
2450030
868352
3326272
60580
5839502
9766542
10809696
15008000
464416
27049984
2160736
54099968
123476992
124267008
622592
216997888
1736704
3018624
257098518
31680
37034880
346005504
7012352
109699072
47219808
303154815
974651392
209468736
903434236
835026936
297795577
12046336
13729792
83534
228805
987901
211717
248953
723330
251636
849514
229296
250875
174302
147136
44219
56000
1164556
2829665
1035688
1000668
1596672
137152
13744
831488
793216
17948
1347992
13090816
429568
26119736
41922560
13281760
62664704
450244
8519680
93114564
2818048
10168614
380366976
262144
110837760
111804416
73269248
49545216
292618240
340000768
44672
91744
5041150
45875200
268435456
108943036
395566
238863
64843
794816
382894
89685
472530
121902
243952
20934
331359
144320
442756
935264
164760
749808
596928
1905024
4096
129300
22356
524288
786432
262144
1507328
655360
7733248
2169159
3276800
11403264
30343168
79744
78406240
9463626
6553600
125255680
392167424
399188620
101285888
42668640
276889598
86900731
562036732
83951616
419758066
847249395
629145597
294691863
956301308
8388570
355079
1297091
281646
1165799
1467375
1287192
86336
432598
1039950
105916
25408
123648
237156
2353536
4258272
4032672
4449679
5205984
893760
2119168
118720
6645760
407536
3167728
1300992
4952548
646624
5160960
281864
9043968
70964704
60510672
11378688
25165824
66322432
189994880
30822096
10450688
359548064
101104639
5832704
15677952
6868992
7602176
780599294
1712128
553648128
950009856
17563648
321302528
615060
832771
56536
558243
659962
247504
92819
745039
700276
255033
73300
340076
565952
852676
477326
84380
547710
419088
525856
892464
1092064
852480
942080
409208
33928
165080
108472
151224
368400
306688
961552
120928
212992
18624
142160
4293328
246272
3488592
2479104
7359488
8750344
10141696
1510825
536576
1257472
98304
28125696
294912
95659008
42729472
863012
499270
69503
302193
716580
64108
362872
326858
7184
90248
951438
255356
438372
151892
1840
249361
880210
49584
178784
283712
10400
161088
774944
16593
351744
1246208
82642
4145152
3129344
5733248
16594
952192
2255120
9980588
54272
5782528
5749760
16594
13762560
61181952
45481984
40960
18219008
60301280
3932832
42464992
122159104
103284736
6094848
868524032
92522
940141
536418
303812
842759
169372
1396320
146412
621848
226304
509576
386232
347584
542352
643072
283552
587776
879024
17664
790528
9162256
23329140
65622077
2893
95553536
105644032
66085184
64165952
54053
185073664
54053
1164928
55185408
195812576
17086718
5101056
1218048
844621435
554016768
5810176
17895424
982515711
200867831
216006656
293995428
33573
514531304
916455411
385875877
556560772
425128
649181
214591
32160
538699
92666
144698
616025
180728
383748
384678
130372
238336
629444
182464
801186
870877
1245104
62976
546944
56832
2551512
1675264
3276408
40019968
6212442
8744064
7997970
24576
2752512
4655634
5603328
9321354
6062080
167882896
407230
21383816
93880320
16740
190578687
208713872
88080383
223728
1048576
219127808
298844160
4456448
964689906
667977728
288522665
466154
47988
535934
250935
301641
379570
12577
227414
109596
81270
13056
207082
269464
249808
342848
1230468
115234
326912
107916
1546240
8914336
7211008
20269
365056
2465792
8890944
7446528
19811328
2718848
1933312
68190208
212762624
54788096
19595264
595394560
27392
538306
27893760
306184189
42656
497234929
42410656
723133547
5242880
725168782
620756992
411041788
575668220
50331646
587202474
820702
326334
503264
62663
713343
381312
184118
338608
267928
393560
363132
81184
11104
955680
1632320
2019200
405934
22528
1283456
1326464
494592
6046800
1925120
342144
475136
21580800
593920
4194304
24018944
1436160
407936
20447232
94457856
31071744
2097152
11993088
254983424
6144384
250378752
52229632
20971520
113803264
13631488
51090944
699400192
782213119
117243900
183087614
27648
746586112
327504
1062733
373799
341992
72457
389166
607610
926155
523735
563078
29676
892370
511520
72703
142253
123266
83648
1015488
118384
682368
287936
69444
66432
1972160
15360
1318912
512240
1869824
880016
1635328
48824
3309568
236032
14227530
21217680
18677760
26509312
64329744
64376932
15597568
80441744
92225536
114376704
24576
142560192
535101440
353222144
75728
1540096
77332480
27039
841853
376818
337906
481956
194092
234840
973948
956908
532156
274476
582944
289408
402640
2121568
3476
3391728
539584
782848
9117440
1144832
7748352
19330048
26775040
5505024
27857920
3476
12424448
6291456
4227072
28153088
54233088
36073472
181174272
238714880
83329024
33554432
224395264
32768
214958080
111336020
986980607
67239936
133201920
196313088
211288064
1262848
621174784
128188414
603979776
946589
225434
482689
404293
1245639
37764
1013066
58572
1811386
186440
570548
396151
380656
398037
1329864
1387248
31492
63116
2336768
174816
487424
14002048
901176
3735552
10166016
5931008
7636864
32964608
37748736
30343168
33693696
91881472
124768256
251533184
482070496
981368832
967274176
338165759
456130560
493395968
404331456
923344896
193573823
166363136
850395127
394264575
702676981
366215167
44695522
826716028
48172
150142
146688
12221
41224
740382
2644
1415543
756588
206562
698152
431784
105744
27828
295496
9578
558080
116342
398736
495342
614944
1439548
9580
319648
299136
2124416
655360
2858496
18432
228784
5353088
1940480
3291136
12643328
13270272
1769472
848896
41264848
1392640
65536
4784128
31939584
2890680
10514432
6393856
124989440
445462528
184549376
230293503
70270976
54994
144883
181600
23281
761586
55660
119088
1109951
301664
857872
481464
885504
52736
379984
787264
3653100
1303552
2957344
284560
2618368
2441216
1586688
22815160
25671168
44957696
54408416
131072
142082048
90385408
314621952
102784
674017887
174128
55050240
87424
627216946
813689880
18688
264609280
23436800
386924504
291689431
159383550
536870912
4718592
727040
73351424
330638
411041779
427818993
231304
396588
80300
657227
468868
381434
64434
130612
780571
945504
29978
454784
160896
417623
180224
4689600
1495084
655980
713792
962560
68064
741888
2119680
1322112
2705408
6976128
7386498
1675264
2615808
1685687
425984
161896
24409088
6750208
5472256
54575104
34454208
15728640
30080
50315264
30208
150200320
21757952
11993088
178520064
173506560
285638656
261652480
415825920
7405568
113497
952388
269660
56665
220990
639908
1425483
127536
165608
325060
616470
1681260
581704
88194
655872
29696
1481916
475852
1543896
246720
778112
29444
748145
4797504
2117600
45438
8088064
3432448
25620480
9178112
1589248
88768
26836992
33341440
227966208
8912896
22865024
116572160
11010048
558497791
372948989
586964986
713031674
4423680
169803768
364904448
436228081
453902308
95744
589824
