18 20 5
933433838 2757552481 1613372970 857599707 1063170477 1323602976 621916289 3300076805 2899108973 3224785742 2409562580 1700182490 475376660 4234035572 3267621759 1461460196 1814215683 3842349539 1182106924 3435981061 
951115341 3750463679 3045205242 353736157 2262493555 1251806776 1893361225 69870971 1688912976 3530199666 2176509665 2770018774 2374146264 3067284510 2493019262 2433177565 2395520355 3081685128 1099644620 2700322618 
3899890179 3004577491 1791342437 1798294238 3177665672 47509036 1995999581 3974143255 804841983 2749816496 1022552133 1755000583 144803455 578648652 525488542 814555922 1880910346 203958618 1416153104 3932851792 
3766278690 790174963 474539028 1220797236 2623454253 86284748 3054075138 997005034 948756061 3617024175 4093584362 3406461685 2920773922 724689643 395369980 546020115 4086888395 644776053 481338486 4236132693 
3533890399 909902917 214152295 2234374596 2987456266 132436146 3090470455 1475870854 356753538 2514853254 513724778 1227392993 2883441630 2885868864 3275148202 2906775031 2585436952 3670799872 4017990064 3346875645 
569605850 1285899564 1112190725 572697213 3798888238 374602839 856298421 2160268072 2066189233 2569512940 3116915411 244131845 4277342533 1025169871 175177473 2404477177 2203481022 1988829219 2793097506 2149495659 
2583623408 3560833351 1988460877 3560930631 2034562733 482214168 2524606736 1006150296 3141461900 797429936 2417028661 3961076036 3714429070 1016757514 2981760738 3818782357 2931966305 2556445546 2797724017 1510145658 
1732331913 292672453 516689243 2631523633 3415081944 694154182 3836046424 2700461882 2926954755 2551207755 3484575217 1802692318 1475908072 3288978791 2343693260 399025298 2266743222 3654582203 77032518 1224455972 
1762011805 3646802889 2268706199 4143384635 3702849658 3861055609 3966206010 4143127611 2784048346 1948720508 2267669911 333961915 2493863022 1528471245 2016713275 991989482 1766009501 3642418121 1979491543 3308270065 
2632228990 1685611901 2163635798 2637735396 3049726155 359901645 90104963 431629223 17007290 1406418607 2197712730 1319648288 3621748161 985634351 1498847902 1242156618 3425247288 347859257 4177503856 272587587 
1863094681 3302974741 268619325 2921007180 3161919502 3750250638 702606026 899108252 1406810096 442230351 1861470589 1625917238 3933317903 2450314839 1305985253 3145543394 722266005 3079131305 6520364 358262237 
630694131 2639408628 2366635163 3357029247 3650159332 2738604787 1701520548 3988929921 2767600749 499998094 317183842 1430440409 189222807 1699349995 2414405060 860087018 262364669 956012306 3278465962 1864138999 
361043184 369507415 3076357557 1649854040 3700551786 3374833641 4265767190 1401750174 285510282 1798311646 557346472 353054173 356820147 2512630166 4233677850 1515170426 2588833577 1069323408 203976756 832730037 
3296604200 1972322729 594258852 184727289 3267834702 3413764820 3743901058 1132625582 380144987 2499705137 430480120 985292335 3990060254 2295072568 34203393 3605772345 1605203448 2592054871 4050064037 3398203952 
3483048417 1824248110 454094759 2944145626 2487113756 1260808924 1600821642 3424480582 2483756 1151207709 4270926165 2799366175 2337527711 3033446691 3049061610 3364600589 3521459925 137187171 509351192 3989796272 
135925277 570494573 808310302 3488700590 1222128235 3513664504 2812981735 4131886184 3185780939 764838285 4017677697 1943614125 2318871352 3928298081 2979015410 836209573 3685312504 2004593863 4278321569 765591980 
4279095713 3366825772 3099722325 2584429127 888236117 1761194775 1226903183 723449595 1725935948 1734708422 756990112 4223415973 440502032 2160233256 715530097 3521527690 2424680054 1217061637 2222253085 3500970813 
593504164 600401561 1057799597 1718880320 1950590978 2221249858 1603705320 4238650663 2229139534 2984507276 1141647408 2890877297 2723685178 4069343779 1820137522 662294771 3098226292 1625372423 1360547519 2936372426 
