18 20 6
3317867923 3574825151 2412702906 3146726367 3402674689 1663313809 2078676653 1477047832 1704475048 620656741 26598310 250549627 3443121616 3928822590 431201191 2458548090 522028225 1705736423 12997408 2134008249 
3819070132 4152111521 2258616364 275906093 88777180 767898834 4232199540 3441388703 3909117947 1170330820 3660290658 2971199153 3180933508 3697653768 1293293000 3601999206 3189625933 1639181039 1842251192 2936762773 
1119910425 1472588233 3287635591 1946979379 1175050322 3105404560 1083798308 4251449533 2960988024 2079948739 2665251901 2618535964 902491548 2441444080 4106637607 2201752494 952308531 3411033002 2187598455 3778955940 
257292529 1648510774 1825518863 1432861863 2353590594 163223240 436978302 2894101613 2448994190 2979236594 4090771109 308987664 212373800 4279195041 3505340172 3514861300 3138110147 1442426069 3585159603 2892073022 
2256364671 3807870812 1336738982 89525379 1865583847 894134400 23671748 1221999194 4185992072 3253052116 1634717634 656183740 2630333745 3171981464 2789317724 3306049726 2060567099 3964861482 4045851595 2936360341 
3373152249 2160842310 1462102260 1534822323 2445110158 764698834 22143956 2781752522 767098284 4040686145 3455538579 4201111359 2771980742 645970248 397425794 3737230694 632156557 3221376513 1717587057 4034289170 
1060162786 3779291781 3714785745 4122962143 3919668121 1835530373 940480321 3954766843 1043104868 349413447 4101983557 4194494255 1056833558 874811414 1604899990 3895521842 3719714211 4064794382 2243496374 1877189115 
1467288820 90825875 296590263 2465564522 809536337 2723520267 1629586419 2482094060 3804819987 3344532867 498956719 3633603170 2754797937 1491494522 875754825 2849370851 4101205364 544192031 2578660271 3499774578 
123576545 3081461222 2290378505 1545786417 3152204432 473220100 2191335972 1516473141 4167681900 3733211479 3234536221 331781061 2557409115 99496161 3557642598 2214026221 2894868786 2501865659 3905567550 3921906407 
2750277296 2943977861 1561335241 3333817703 1813759308 1387780966 1037567421 4279702928 1284943164 1020909653 3281012375 491500707 4105033990 2744440782 3026751856 1874646523 1751679828 3400959822 2014040948 798281199 
1911069568 3940540252 2244272550 289187499 2441737118 1946180610 3143925474 3457514773 1260291837 567517898 2305138652 577467170 2676885691 4119841022 1003509433 2484552716 183451180 2609022941 1629045731 535411196 
1995519027 3613625746 891662846 1827634289 1504515986 3795672878 3036829143 2732144505 2873781954 2943884724 1009818969 3744893363 892472830 3879239057 578465405 4201949966 2181819990 3461533988 3120170925 2064975760 
2710876076 2444937937 1203244167 767802595 3567620356 924384652 4200659552 3612736947 38953566 1725501772 2774735302 374890760 3538559488 442331920 3214841992 2902125644 3770809134 1839797495 1852124240 2926773554 
750239003 766882035 4096863604 2754602015 4042353471 347803750 1196730597 3341442466 3624742735 2552739381 837802884 785442136 3661881970 2933054817 3517995914 3465640278 1943835292 1347663368 3785468856 3253151461 
1632391122 790564268 3580179905 2358250607 2532080652 2609111020 2901999891 640284955 3141469907 3249393381 394588306 2048259862 3348641966 116529515 3850713504 2767392877 4144519406 1348663849 1561427448 2824238615 
2514204071 4234221578 2937499850 1861657932 374198374 3249921765 1989943314 3188580626 1925754394 2592820074 2495459633 2909359288 1530496733 565680875 180524604 1628390029 2947934361 2482231261 2351667555 1864037800 
2196283909 1247131413 1943816877 2645719288 4037045055 350787686 2005253285 2931409216 2287472458 175796016 4131044425 1599994283 2590746214 2056428373 2312724367 2398184819 1782046296 2234769578 2445598639 2263746898 
484989208 1135516624 4037996302 348616822 965354421 689382056 2980387773 854188896 3456674939 508123416 1092260816 3264169806 4101234036 2205090719 1106480003 3150063583 2204092129 1709779158 4259774864 925972892 
