265 190
218 65 209 185 147 175 119 154 140 92 15 233 196 67 91 71 59 253 143 118 138 170 115 213 177 166 31 234 76 131 167 25 79 188 160 258 239 176 120 70 240 244 139 178 126 264 254 219 142 9 236 197 165 73 171 34 93 206 193 192 247 102 107 241 248 44 155 127 255 55 228 22 6 108 90 245 249 200 58 227 86 260 202 88 113 28 48 75 230 262 172 195 122 17 13 24 78 52 35 123 265 250 150 66 217 256 111 109 182 238 232 12 18 11 210 205 62 132 246 101 222 7 49 214 4 152 53 129 51 2 181 201 130 133 99 169 19 146 43 5 100 37 110 157 199 187 105 183 27 98 83 179 121 190 224 85 141 203 163 226 61 96 89 39 134 57 168 106 87 257 149 124 56 220 38 94 103 144 20 242 145 263 151 50 221 174 215 225 194 41 231 16 97 237 32 229 3 84 235 164 116 117 114 162 212 153 23 64 63 72 1 10 136 204 29 189 8 135 14 211 191 42 173 158 69 207 21 251 252 54 36 81 104 148 82 243 46 125 77 198 68 60 40 156 186 208 33 45 137 47 184 112 80 161 159 259 30 223 128 74 261 26 180 216 95 
1 69 260 111 150
1 71 221 135 164
1 4 247 35 67
1 5 154 69 109
1 34 145 39 136
1 6 196 18 158
1 73 254 144 214
1 127 244 174 203
1 44 225 48 138
1 36 265 100 153
1 16 263 138 163
1 86 256 141 206
1 116 226 148 161
1 13 193 48 139
1 21 107 50 87
1 84 232 130 137
1 14 133 61 83
1 125 232 199 206
1 13 259 150 170
1 13 183 157 165
1 47 214 174 200
1 72 196 87 189
1 11 88 54 73
1 107 236 120 224
1 25 265 153 167
1 80 245 192 240
1 156 198 182 185
1 4 245 94 143
1 97 245 144 175
1 84 221 113 129
1 123 237 154 183
1 28 111 43 70
1 61 246 104 139
1 22 204 98 115
1 2 240 121 183
1 82 244 164 176
1 64 201 130 141
1 22 253 240 251
1 146 171 154 157
1 26 114 46 86
1 33 237 63 100
1 113 224 162 220
1 83 243 104 118
1 33 262 43 46
1 20 164 43 129
1 91 240 123 227
1 8 209 102 120
1 5 183 102 144
1 4 264 28 58
1 92 233 162 182
1 74 232 145 194
1 27 193 86 101
1 2 186 46 185
1 3 251 161 171
1 86 255 108 193
1 10 219 111 213
1 12 117 25 110
1 74 195 129 134
1 30 253 137 218
1 89 245 102 159
1 33 213 99 116
1 47 243 120 151
1 100 254 172 250
1 108 242 150 218
1 67 181 75 166
1 53 96 66 93
1 27 169 33 123
1 48 228 101 156
1 15 225 105 219
1 35 150 73 73
1 5 222 99 199
1 140 259 145 201
1 5 169 21 47
1 24 246 44 110
1 33 259 57 249
1 112 200 124 170
1 9 186 129 185
1 37 140 41 83
1 70 246 100 145
1 129 223 153 205
1 44 147 88 104
1 5 264 124 263
1 3 177 17 104
1 109 257 140 178
1 7 230 133 165
1 4 256 182 219
1 79 182 112 178
1 5 237 37 80
1 16 203 127 185
1 72 260 190 231
1 92 229 151 211
1 44 189 152 166
1 125 255 199 236
1 64 256 134 239
1 32 252 104 176
1 72 216 75 207
1 58 136 92 101
1 102 206 142 156
1 3 250 6 122
1 53 242 64 110
1 100 254 183 203
1 32 242 58 65
1 97 245 115 226
1 34 173 58 120
1 89 186 132 172
1 43 176 64 125
1 105 264 150 181
1 30 226 42 159
1 4 141 5 69
1 3 220 103 204
1 56 218 165 198
1 7 167 49 166
1 11 143 18 117
1 92 262 168 174
1 2 133 11 71
1 17 124 23 71
1 30 210 124 134
1 76 264 200 253
1 118 139 124 133
1 34 250 49 53
1 97 187 111 163
1 56 244 67 80
1 23 214 27 199
1 134 249 141 178
1 4 252 156 177
1 62 241 171 211
1 76 259 172 248
1 95 227 160 192
1 42 228 112 144
1 49 159 57 98
1 135 255 214 219
1 13 228 16 46
1 20 87 66 69
1 38 248 41 207
1 4 216 23 28
1 107 182 108 137
1 17 238 44 158
1 2 153 50 109
1 46 216 92 109
1 73 200 120 176
1 1 192 26 102
1 97 236 184 206
1 14 241 142 201
1 7 179 69 162
1 54 221 105 155
1 67 138 71 90
1 12 251 19 219
1 55 119 56 59
1 7 200 83 154
1 97 248 123 176
1 41 231 119 168
1 80 126 82 102
1 64 174 125 142
1 128 256 155 211
1 64 262 115 217
1 3 253 48 108
1 19 253 234 239
1 60 218 119 188
1 81 247 129 225
1 71 224 73 193
1 16 193 116 128
1 87 234 92 183
1 5 173 91 112
1 6 211 41 142
1 10 230 46 90
1 6 247 46 68
1 15 223 69 82
1 26 127 29 45
1 31 222 36 61
1 29 265 154 243
1 24 188 147 170
1 40 99 65 91
1 72 154 97 133
1 27 129 71 82
1 83 250 94 161
1 47 185 119 120
1 45 162 58 71
1 48 263 251 259
1 30 239 101 220
1 83 261 111 249
1 141 210 165 188
1 14 48 29 45
1 21 210 102 125
1 56 261 93 131
1 133 257 148 250
1 21 202 80 117
1 4 134 36 122
1 8 206 32 205
1 37 138 75 137
1 9 229 18 165
