281 277
212 13 71 213 140 155 102 38 260 267 49 18 9 162 274 135 271 280 193 86 130 204 148 217 75 203 17 253 147 223 3 226 2 214 156 139 141 216 92 117 136 244 255 123 48 256 82 101 238 258 96 31 164 5 129 197 89 116 177 28 182 146 187 112 172 124 219 209 235 275 55 6 169 192 224 54 196 52 246 161 170 248 134 220 233 132 74 118 149 225 218 152 33 10 60 87 278 208 138 273 32 173 264 263 281 229 97 65 45 178 84 1 154 153 242 247 265 105 188 145 85 127 67 128 125 250 29 88 228 176 171 159 78 181 234 119 165 8 64 108 66 237 110 190 254 93 222 46 23 107 50 245 168 44 180 99 51 120 121 143 268 109 131 56 189 163 199 47 160 269 206 158 167 207 230 83 185 111 98 150 61 39 279 4 191 252 79 12 137 240 73 80 272 277 62 106 236 221 231 142 22 81 100 36 37 41 15 151 42 205 115 103 126 26 72 183 63 200 77 257 184 194 104 21 14 94 179 57 270 261 114 157 20 133 186 239 90 68 69 198 249 227 241 215 34 144 30 24 43 175 259 7 25 11 195 76 35 16 166 53 202 113 95 210 58 19 243 262 27 70 251 201 232 276 91 211 122 40 174 266 59 
2 26 252 147 177
2 36 189 165 187
2 109 164 144 144
1 7 249 120 147
2 39 251 53 126
2 67 243 69 151
1 28 192 185 188
2 68 162 134 154
1 5 111 85 101
1 62 244 223 238
2 56 244 115 205
1 4 212 60 152
1 127 268 207 224
1 29 235 60 135
1 6 242 101 148
2 104 232 122 210
1 48 254 56 150
1 25 196 91 100
1 87 228 164 226
2 10 269 14 179
1 40 189 71 139
1 67 251 163 187
1 21 162 137 158
2 26 204 121 167
1 155 214 169 174
2 176 262 184 190
2 55 161 109 125
2 49 246 133 187
2 53 250 70 119
2 93 229 100 172
1 20 168 62 122
1 82 238 117 187
1 172 260 173 230
2 7 261 79 156
2 21 207 155 192
1 14 280 55 150
1 12 169 68 99
1 21 132 59 113
1 16 190 152 173
1 17 208 48 199
2 8 69 48 48
2 6 185 83 95
2 108 241 181 227
2 25 191 104 166
2 6 237 110 186
2 26 155 89 131
1 156 246 199 209
1 96 272 210 252
1 88 196 109 148
2 58 117 61 97
1 79 260 97 144
1 108 231 150 180
2 96 185 111 175
2 77 244 138 162
1 1 253 116 138
2 53 161 59 65
2 21 172 87 145
2 3 208 136 197
2 7 128 74 118
2 26 176 125 146
1 59 252 104 140
1 11 258 165 239
2 197 259 214 229
1 30 263 181 225
2 105 209 157 193
2 89 191 121 124
1 16 122 39 59
2 84 189 163 176
1 24 281 109 230
1 32 233 157 179
1 47 229 110 223
1 29 194 117 186
2 15 237 164 179
2 3 267 40 190
1 15 273 135 219
1 143 228 144 166
1 16 246 26 243
1 112 173 131 171
1 15 180 68 73
2 91 136 131 135
1 132 268 167 263
2 17 262 178 252
2 31 184 33 93
2 70 266 98 172
2 9 120 35 78
2 37 281 85 172
2 8 212 38 145
1 74 281 220 224
1 33 215 40 138
1 124 209 148 172
1 109 272 238 266
2 15 99 36 57
1 27 250 53 215
2 24 239 62 176
2 40 247 122 141
2 62 250 158 209
1 19 224 140 178
1 17 251 152 196
2 50 217 125 197
1 59 245 141 222
1 8 276 18 79
1 96 169 101 125
2 45 249 93 241
1 39 112 49 108
2 39 243 93 141
2 21 202 92 194
2 48 239 80 97
1 79 274 163 203
1 143 202 153 163
1 209 264 214 214
1 31 230 121 184
1 70 129 80 83
2 112 278 176 185
2 13 199 105 196
2 45 234 57 125
2 45 281 84 141
2 94 196 130 143
1 168 254 196 244
1 42 167 148 163
2 10 225 101 139
1 3 166 33 123
1 160 228 169 202
1 45 250 125 228
2 53 266 130 143
1 10 214 104 143
2 68 251 156 177
1 192 279 209 225
1 94 281 188 188
2 175 253 202 202
2 59 168 130 159
2 159 256 220 242
2 1 212 72 89
1 59 270 180 246
1 84 269 112 203
2 25 167 82 92
2 62 262 140 172
2 69 262 150 197
1 16 199 46 138
1 178 273 192 242
2 39 252 104 241
2 87 271 104 196
1 95 234 146 148
1 80 257 91 168
2 48 215 72 197
2 71 243 130 230
2 29 234 83 175
1 9 64 14 29
2 43 263 113 250
1 85 260 198 215
2 1 234 58 172
2 151 245 196 204
1 20 234 135 164
2 59 276 184 226
2 105 267 119 160
1 67 218 73 168
2 22 278 111 111
1 40 165 76 152
2 85 281 212 225
1 53 186 59 77
2 31 234 85 136
2 34 238 56 157
1 16 203 121 156
1 45 214 180 209
2 40 171 74 171
1 179 220 199 203
1 20 278 183 272
1 77 244 82 189
2 169 267 195 251
2 31 207 142 174
2 158 257 178 186
2 16 231 160 177
1 85 261 96 201
1 32 249 211 222
2 51 280 91 245
1 51 100 72 80
1 35 266 77 195
1 128 227 173 209
1 205 271 235 266
2 14 248 31 212
1 34 199 160 168
2 50 272 174 247
2 56 199 121 142
2 27 131 49 89
2 23 208 189 193
1 18 239 160 201
2 3 267 120 199
2 29 207 63 73
1 35 281 63 80
1 54 215 181 188
1 42 223 114 147
1 28 265 136 256
2 61 268 227 237
2 54 214 70 135
1 30 277 147 231
1 38 243 51 155
1 14 174 33 64
1 17 265 39 81
1 34 212 99 148
2 17 118 55 100
2 8 281 55 66
2 147 280 167 195
1 19 92 50 60
2 15 251 62 172
2 105 261 149 255
2 27 71 32 62
1 62 279 183 270
1 77 150 97 108
2 15 281 251 266
1 8 113 46 103
1 13 147 66 104
2 36 180 82 162
1 14 251 49 197
2 73 235 89 193
1 10 170 26 88
2 83 271 160 226
1 34 226 74 117
2 37 234 106 145
1 29 274 90 193
2 55 271 184 198
1 44 273 96 149
2 47 220 61 209
2 12 185 34 69
2 33 273 34 226
1 66 229 143 175
2 1 191 105 154
1 18 248 214 215
1 21 163 98 153
2 77 187 85 99
1 47 270 51 187
1 48 178 81 96
2 188 261 217 247
1 95 243 119 186
1 12 129 56 103
2 11 241 80 88
1 16 266 189 212
1 77 193 111 149
1 11 277 68 198
2 4 99 10 55
2 94 234 114 166
2 23 231 184 212
1 84 277 139 227
1 63 206 128 181
2 16 212 21 193
2 58 242 150 214
2 28 229 156 221
1 30 262 89 220
1 55 192 154 162
2 13 112 20 75
1 126 264 180 239
1 24 258 106 195
1 101 200 133 198
2 38 271 117 135
2 35 266 247 252
2 51 229 83 140
2 50 161 102 107
1 29 238 45 209
2 104 269 137 202
1 20 75 35 39
2 21 257 94 214
1 129 262 193 246
1 49 224 102 204
2 190 278 256 267
2 55 277 100 261
2 140 257 148 160
2 56 203 143 151
2 55 239 100 233
1 2 199 14 52
1 130 267 263 266
2 25 218 94 112
1 98 247 119 158
1 6 137 100 113
1 63 266 69 195
2 187 272 216 233
2 17 232 187 209
2 11 223 122 191
2 79 220 113 143
1 58 159 130 136
