277 185
150 240 26 52 50 77 40 164 221 15 133 32 39 111 276 53 113 271 55 51 243 104 89 5 231 13 66 16 172 198 110 149 191 86 194 18 175 196 54 236 70 69 141 174 79 134 68 123 112 229 232 44 209 137 10 19 155 63 266 33 122 245 185 215 23 41 213 223 192 105 161 162 154 226 145 249 261 212 48 27 128 135 30 184 275 6 202 43 156 78 220 140 57 203 36 218 4 176 272 24 95 173 9 199 115 259 72 11 90 193 109 238 62 3 263 257 160 108 107 179 235 71 268 17 61 158 67 46 274 248 14 225 118 136 222 132 265 204 2 98 197 34 250 186 116 152 144 233 20 178 143 103 180 74 219 183 163 37 208 153 168 177 58 106 102 267 84 205 124 120 85 92 114 25 217 139 80 188 31 216 171 93 200 169 126 101 166 49 246 127 239 159 87 130 125 64 131 258 88 170 56 99 190 117 207 244 256 252 96 147 29 65 210 119 165 254 201 187 211 269 277 60 264 81 146 151 247 42 94 21 262 28 47 214 273 12 182 260 35 189 22 148 228 255 138 181 38 75 241 100 121 142 227 242 270 230 8 76 253 45 167 82 206 224 251 1 195 234 97 157 73 129 59 237 91 83 7 
2 49 111 55 63
1 112 203 135 151
1 40 129 59 72
2 24 233 56 214
1 81 258 87 114
1 52 145 80 88
1 14 241 55 183
1 9 187 153 184
2 54 276 206 225
1 7 267 127 140
2 37 270 173 250
1 74 254 197 249
1 113 166 154 161
1 4 183 35 112
2 117 243 139 199
1 52 241 69 142
2 23 153 124 128
2 51 272 71 191
2 45 185 68 71
2 44 223 55 213
2 80 237 156 196
2 23 186 119 185
2 161 251 195 211
2 48 238 58 190
1 60 201 66 196
2 12 187 32 38
2 65 277 120 161
2 76 185 84 133
1 21 238 123 223
2 54 157 58 121
2 31 238 185 212
2 107 275 213 248
2 8 73 42 58
1 14 158 125 147
2 38 277 64 185
2 28 222 151 199
1 54 274 100 237
1 57 249 160 246
2 103 243 109 188
2 105 198 125 171
1 3 18 10 18
2 56 248 139 167
2 40 260 210 257
1 27 255 118 121
2 54 247 99 219
1 15 233 20 74
1 110 214 166 180
2 90 270 96 148
2 51 242 83 165
2 3 201 55 71
2 51 253 53 191
2 127 277 216 256
2 122 265 193 224
1 41 195 85 194
2 16 219 170 202
2 7 195 104 126
1 154 235 167 192
2 96 258 198 244
2 1 231 28 160
2 35 192 37 132
1 21 58 25 53
2 62 248 165 234
2 2 248 27 224
2 32 254 66 111
2 39 228 177 228
1 26 238 131 204
1 100 253 144 208
1 173 251 235 235
1 68 213 146 209
2 128 231 173 195
2 90 246 157 173
1 47 230 119 143
2 5 154 96 122
1 138 171 149 157
1 123 222 160 206
2 51 274 214 271
2 55 254 97 200
2 60 222 76 123
2 69 252 232 239
2 59 263 65 180
2 77 273 185 256
2 119 268 157 209
2 41 242 79 103
2 183 267 195 217
2 74 261 80 172
2 11 274 37 221
1 51 210 135 199
2 53 153 109 138
2 14 155 62 71
1 138 254 182 211
1 58 181 117 152
1 71 123 84 110
1 34 202 150 173
2 18 215 25 35
1 82 226 171 213
1 39 188 100 150
2 114 204 149 157
1 27 247 114 227
1 67 231 88 219
1 97 246 115 234
1 37 270 178 207
2 24 195 121 137
1 107 259 149 242
1 100 256 128 247
2 158 255 177 221
1 5 273 142 197
2 41 152 51 126
2 56 241 149 162
2 39 204 132 180
2 50 183 72 137
2 38 257 108 256
1 24 260 118 134
2 78 120 83 116
2 21 229 105 127
1 22 249 40 164
2 32 274 117 268
2 5 239 107 210
2 17 203 140 160
2 14 245 27 94
2 143 263 210 218
2 51 220 168 192
1 68 246 107 181
1 51 245 170 204
1 32 270 269 270
2 67 262 150 251
1 4 253 40 225
1 48 235 62 104
2 18 259 58 125
2 4 223 154 165
2 33 143 88 103
1 155 226 197 198
1 86 122 103 112
2 85 255 116 149
2 50 234 132 208
2 35 203 65 90
2 11 169 27 85
1 96 243 99 108
2 47 225 93 199
2 90 262 105 231
2 163 234 182 214
1 90 187 96 111
2 82 275 139 149
2 61 269 265 265
2 126 276 222 255
2 33 127 70 91
2 73 269 123 199
2 52 231 101 168
2 32 244 59 238
2 2 171 134 155
1 110 244 121 147
1 75 144 106 106
1 62 265 103 206
2 85 227 113 191
2 80 260 130 219
2 30 265 76 208
1 51 227 146 206
1 25 237 151 229
2 48 263 51 68
2 13 236 124 201
1 2 214 75 174
2 75 208 136 168
2 133 185 165 179
1 72 274 191 251
2 52 123 79 79
1 76 249 83 211
2 43 215 77 142
2 63 210 88 170
2 63 221 107 149
1 6 267 180 227
2 37 190 96 184
1 50 235 69 223
1 5 261 32 138
2 14 235 45 232
1 65 218 84 114
1 76 191 143 157
2 36 200 77 132
2 41 252 78 167
1 11 264 14 134
2 46 190 49 185
2 39 218 104 211
2 5 237 123 181
2 7 269 20 70
1 18 251 157 246
2 44 166 91 94
1 33 270 229 260
