245 299
51 63 100 205 64 239 84 73 40 212 215 32 33 149 146 151 102 37 136 195 11 171 111 108 29 207 8 43 23 66 148 213 211 201 219 189 2 179 143 158 86 5 130 209 22 60 30 112 78 126 186 175 177 14 221 74 58 68 241 75 119 26 122 7 208 153 199 233 162 159 92 176 10 65 227 117 52 38 62 168 204 203 125 90 243 188 3 226 202 129 70 245 187 42 244 131 50 144 190 135 45 137 222 236 182 44 237 53 154 161 13 193 99 114 110 118 72 31 36 25 172 95 98 12 240 197 235 82 224 116 115 156 21 85 184 91 142 200 15 109 196 181 127 163 123 214 216 35 121 120 145 24 194 178 79 138 4 152 46 166 83 81 183 223 49 133 97 169 229 180 27 39 164 61 105 198 220 59 18 6 9 132 139 106 113 16 34 225 173 48 228 155 101 157 147 124 234 96 191 107 232 238 87 55 104 17 218 56 128 88 71 1 89 167 94 230 150 134 20 57 103 47 41 80 76 242 210 141 160 69 170 217 185 174 231 206 192 19 165 77 28 140 54 67 93 
2 89 160 123 127
2 8 234 64 209
1 77 182 86 94
2 42 245 150 184
2 37 219 77 158
2 34 208 190 196
2 8 244 63 98
1 53 147 99 136
1 32 190 40 65
2 37 107 78 104
2 93 197 127 179
1 4 137 21 52
2 34 213 50 181
1 47 211 116 164
2 64 163 148 151
1 119 180 145 154
2 9 235 125 205
1 142 235 148 173
2 50 227 116 173
1 89 172 96 159
2 64 239 136 227
1 12 245 187 223
2 68 221 70 79
2 39 242 144 147
2 11 155 66 121
1 63 227 133 142
1 45 242 202 213
1 34 228 144 217
1 94 203 97 190
2 74 212 74 179
1 174 243 176 232
1 20 239 64 157
2 20 118 82 89
1 42 236 189 197
2 184 234 199 201
1 76 207 167 169
1 142 202 168 182
2 77 226 83 171
2 37 178 38 121
2 49 188 97 154
1 75 218 79 127
2 72 160 75 125
1 80 216 143 199
2 114 235 126 181
2 30 164 109 119
2 78 241 144 239
1 11 237 128 171
2 1 231 67 107
1 50 176 98 158
1 22 210 71 122
2 34 239 37 109
1 37 198 96 185
2 13 231 51 182
1 35 138 70 113
2 62 120 96 114
2 56 184 141 147
2 26 171 136 142
2 47 185 107 113
2 49 208 142 190
1 2 242 100 111
1 15 201 124 172
2 31 244 69 232
1 7 198 106 159
2 108 224 201 213
1 55 181 119 156
1 58 231 117 208
2 75 158 78 78
2 23 169 123 166
1 30 217 86 108
2 16 237 93 150
1 107 233 190 225
2 33 213 62 183
2 45 170 87 115
2 64 210 78 204
2 4 241 28 132
2 7 197 63 137
2 71 219 165 191
2 10 155 33 39
1 2 205 191 199
2 1 204 12 21
1 5 169 81 159
2 98 216 204 205
1 18 239 101 122
2 8 175 78 83
2 22 197 50 83
1 7 114 40 102
2 47 227 62 125
1 1 194 51 101
2 64 204 149 167
1 1 216 8 24
1 102 245 230 235
1 75 223 161 169
2 17 161 78 79
1 128 234 162 200
2 39 182 154 154
1 10 144 51 75
2 16 236 74 129
1 98 222 150 185
1 62 205 99 177
1 52 242 177 233
2 127 235 138 180
1 6 241 130 147
2 34 240 110 185
2 76 232 110 193
2 82 231 114 222
2 144 215 186 199
2 7 175 117 167
2 79 143 97 124
1 16 236 86 207
1 9 223 176 184
1 122 206 154 197
2 19 244 70 148
1 71 202 90 201
2 19 186 30 171
2 6 171 61 95
2 62 155 70 106
2 85 192 121 157
1 66 143 77 98
1 26 168 45 62
2 69 135 79 103
2 15 194 48 171
2 80 240 106 199
2 98 224 166 172
1 56 242 158 216
1 15 234 57 63
2 60 179 129 171
1 96 236 168 210
1 10 204 70 84
1 110 217 134 167
2 14 245 38 66
1 23 160 70 93
1 54 237 100 235
1 25 170 52 115
2 41 190 44 84
1 6 239 14 55
2 44 237 83 163
1 19 204 63 126
2 13 229 158 164
2 76 170 118 123
2 46 213 157 187
2 19 108 84 100
2 82 209 170 172
2 27 105 72 95
2 103 215 148 191
1 1 131 48 128
2 56 159 96 154
2 105 205 191 202
2 126 242 187 226
1 47 165 76 103
1 26 131 27 81
2 9 127 19 100
1 61 208 73 110
2 46 74 55 67
2 44 173 87 134
1 3 208 31 111
1 30 158 63 155
2 31 177 70 174
2 41 190 69 132
2 8 236 96 143
2 139 209 155 166
1 27 244 202 216
1 84 198 100 139
1 56 243 151 201
1 78 235 127 159
2 10 203 183 191
2 105 219 144 149
2 1 228 132 191
1 63 213 70 159
1 8 208 78 121
1 106 243 169 198
1 99 223 103 110
2 30 244 132 150
1 2 152 56 58
1 41 234 52 91
2 114 198 115 138
2 94 221 127 211
2 56 243 164 168
2 81 208 133 173
1 42 166 78 163
2 24 231 51 178
1 24 238 102 233
2 9 214 138 155
2 23 154 97 97
2 44 237 51 129
1 66 216 71 80
1 56 204 98 187
1 22 217 47 173
1 32 217 102 185
2 38 226 144 201
2 71 240 103 108
1 20 179 101 165
2 7 236 51 193
1 11 163 38 55
1 59 241 116 143
1 31 177 107 151
2 79 205 79 137
2 12 215 113 166
1 32 213 36 139
2 101 240 151 202
2 81 232 92 153
1 16 236 86 192
1 27 243 75 240
1 162 202 168 200
1 121 180 134 174
1 135 234 142 162
1 71 145 120 140
1 22 199 31 83
2 27 151 46 88
1 52 217 91 103
2 42 171 59 117
2 59 216 64 203
1 61 206 67 98
2 4 202 170 193
2 66 233 93 226
1 110 232 123 126
2 35 205 46 203
2 51 227 53 183
2 2 162 66 88
1 97 243 115 239
2 17 238 86 95
2 125 222 138 176
2 46 156 124 136
2 42 190 83 129
2 63 240 111 125
2 12 153 70 76
2 70 236 111 223
1 92 165 100 107
1 10 234 17 180
2 43 183 145 158
1 82 198 86 180
2 34 234 87 195
2 18 206 49 146
1 30 178 70 114
2 78 233 78 120
1 122 196 164 186
1 85 223 174 215
2 28 240 43 48
2 61 198 113 177
2 6 189 11 181
1 145 164 152 154
2 187 227 189 222
1 43 187 117 149
1 79 211 80 136
1 43 229 108 111
2 63 245 177 244
2 6 212 7 45
1 13 185 84 166
2 91 242 222 235
1 16 221 158 205
2 186 228 196 220
2 132 169 142 168
1 52 244 68 208
1 65 213 78 167
1 13 128 89 91
2 3 169 32 163
2 65 194 84 117
2 33 133 60 105
2 101 177 108 137
1 125 194 127 179
2 70 245 172 230
2 119 180 131 143
2 37 194 132 144
2 22 209 72 103
1 48 174 87 129
2 71 219 106 208
2 45 191 146 167
2 12 241 45 208
2 128 242 198 204
1 72 223 85 174
1 38 159 74 91
1 13 244 66 137
2 56 145 116 126
2 86 211 129 146
1 4 208 17 90
2 114 207 141 147
2 6 88 6 35
1 75 146 84 98
1 74 201 143 155
1 23 155 140 142
2 13 94 18 92
1 52 158 120 154
1 38 125 91 102
2 104 210 169 196
1 62 227 80 84
2 70 140 92 99
2 23 173 125 150
2 63 211 122 147
2 60 190 71 164
1 1 185 49 173
2 23 145 45 130
2 87 177 133 151
2 85 208 125 197
2 53 215 68 79
2 2 219 110 168
1 73 196 128 134
2 50 199 64 191
2 36 174 148 172
1 63 237 75 101
2 21 179 63 144
