700 3 5 10
31 614 299 
674 19 147 692 638 
365 476
246 72
137 479
326 406
350 191
469 214
20 365
75 628
375 353
509 310
52 589
678 229
197 474
675 521
516 637
28 31
527 560
152 153
217 262
382 599
589 273
227 248
452 676
11 627
601 578
636 25
180 474
28 133
364 319
388 133
67 566
632 665
184 274
455 463
97 206
210 493
125 81
346 31
499 228
435 509
537 318
514 492
582 194
16 139
580 170
264 350
343 39
26 556
272 552
59 586
695 551
326 385
626 115
530 580
609 194
419 657
695 199
494 400
178 269
498 450
151 265
314 57
641 32
128 11
35 551
414 542
552 609
596 531
26 404
116 608
507 386
204 64
411 622
139 160
679 156
274 249
376 625
128 535
587 443
698 153
268 262
425 75
448 597
274 570
388 671
644 451
216 342
600 617
397 141
186 442
288 698
392 390
270 251
530 618
138 403
497 214
558 334
661 73
424 549
521 435
391 592
366 57
245 558
70 345
643 437
465 693
390 540
668 206
588 150
209 94
86 265
125 135
102 440
66 556
487 585
114 152
475 205
491 274
613 32
221 425
639 126
173 466
282 234
324 310
28 409
414 644
30 112
653 280
695 209
307 538
288 410
447 95
593 700
567 197
230 307
345 445
99 452
642 212
420 120
308 233
316 381
278 575
558 324
333 650
75 236
277 401
28 579
19 340
560 130
301 604
252 457
258 42
511 448
211 639
425 353
261 403
24 506
658 504
528 73
180 203
493 187
197 127
474 274
546 253
309 304
156 28
429 540
600 477
384 452
257 502
690 620
364 70
381 329
46 473
90 534
446 513
46 307
426 155
661 79
42 676
124 184
113 39
506 148
649 552
292 595
438 483
398 111
459 107
494 522
47 31
149 422
427 619
522 374
614 284
271 339
523 59
377 245
151 357
436 675
310 182
371 538
487 567
12 680
375 80
261 596
639 578
321 37
72 683
592 644
17 244
628 56
483 13
201 687
591 455
58 134
451 441
623 485
670 84
193 192
466 501
197 327
423 389
354 378
554 55
634 120
119 350
100 31
128 301
294 660
560 631
599 683
353 377
225 500
634 164
214 233
385 67
224 570
263 454
453 100
673 60
58 8
115 324
576 218
657 559
459 273
242 347
228 323
508 254
322 53
581 495
192 268
209 13
71 353
616 590
571 392
638 328
498 3
271 335
565 343
520 240
12 16
599 346
429 580
184 557
519 17
285 61
101 581
6 204
482 674
177 430
358 633
264 554
435 218
670 487
343 453
286 657
242 330
623 560
281 144
597 688
573 150
133 344
501 289
28 471
442 206
464 326
444 135
564 250
171 690
245 592
670 599
85 414
40 234
408 617
378 496
452 285
446 347
98 415
667 445
250 41
567 35
532 539
551 71
269 166
364 513
621 209
349 514
522 536
105 430
107 8
439 349
288 296
621 356
161 210
348 575
374 69
611 234
171 196
487 608
180 564
233 585
237 352
678 694
462 455
589 13
290 96
60 380
339 623
26 255
92 229
646 1
67 542
431 222
338 122
562 281
512 504
19 505
372 279
335 329
199 225
205 213
452 567
663 394
612 537
548 150
91 317
555 84
400 355
119 659
577 658
324 524
455 568
284 480
394 544
206 551
68 36
404 687
566 44
342 108
201 124
329 377
432 361
256 25
482 639
124 305
602 145
624 35
114 571
401 645
260 188
368 589
381 217
276 521
590 372
282 393
550 6
642 519
636 531
618 68
149 543
231 134
261 599
500 444
485 492
470 74
406 62
286 210
395 6
271 450
568 36
683 212
128 448
85 674
205 340
112 178
288 362
520 554
683 597
379 94
290 73
487 460
288 662
317 625
502 250
508 253
489 266
453 102
85 189
43 634
445 658
557 476
555 314
607 101
406 336
405 415
140 683
69 410
205 330
580 333
91 247
343 141
646 648
251 239
108 320
199 371
250 333
643 397
659 255
426 267
20 112
338 187
535 562
693 44
562 260
1 504
187 659
594 637
299 96
143 4
291 611
119 19
563 188
471 424
648 546
100 106
105 111
460 583
282 482
508 293
424 694
56 652
498 91
247 50
517 621
310 468
53 500
96 111
223 605
345 195
689 265
665 511
580 575
109 127
442 145
105 652
680 171
9 358
80 216
287 336
539 185
274 456
604 523
467 392
328 435
593 504
164 350
649 568
198 85
488 130
341 81
2 405
587 210
613 587
629 305
239 285
294 698
656 150
640 698
399 454
341 550
427 637
150 181
22 540
175 539
295 576
21 660
449 127
386 311
234 525
306 686
379 219
503 321
664 121
207 595
117 59
219 383
579 690
469 132
433 228
23 162
295 616
655 152
292 473
621 423
613 605
623 131
433 626
344 489
576 23
635 338
408 186
234 331
685 234
90 274
506 402
432 645
686 57
196 612
663 429
616 418
10 591
502 121
353 18
401 129
18 169
277 623
594 632
403 481
298 498
518 133
46 615
70 150
150 98
433 237
464 351
274 275
230 510
618 29
378 359
14 395
581 24
571 358
136 460
95 699
93 700
74 309
614 201
189 175
422 407
227 512
34 248
327 176
158 397
591 167
35 4
498 630
286 606
389 312
309 461
626 603
393 15
157 409
501 657
84 65
76 434
291 370
146 139
422 59
689 594
243 88
257 673
337 448
687 479
300 118
419 378
678 78
472 424
165 569
561 578
208 386
78 533
569 587
316 304
123 382
148 585
171 45
697 202
97 48
332 153
208 692
528 431
50 654
672 680
54 48
147 247
647 595
421 436
338 226
87 521
396 569
594 33
9 666
49 54
454 60
394 458
204 369
145 541
428 316
261 417
55 692
572 81
643 490
215 584
525 83
95 700
77 497
69 697
238 679
458 241
474 547
426 447
626 88
529 254
468 321
563 669
436 235
177 172
184 696
283 1
528 200
484 267
457 553
325 606
584 630
104 653
363 98
491 622
444 104
17 51
302 661
400 252
449 610
258 7
179 327
276 190
599 303
81 159
416 595
486 608
63 198
488 110
571 412
300 208
76 441
691 262
438 38
90 598
464 232
168 325
174 577
645 360
280 526
315 120
89 4
461 163
87 367
259 564
53 103
5 492
162 682
545 668
14 515
685 413
313 625
373 636
154 583
27 122
651 356
457 82
297 177
142 167
582 677
684 329
574 256
528 183
21 478
54 681
37 220
387 319
