900 3 5 222
750 484 79 
513 206 822 747 847 
188 379
828 826
871 813
37 559
50 205
238 368
853 243
92 110
657 877
703 735
444 768
871 200
310 564
639 763
526 266
492 205
4 106
40 748
578 857
386 200
528 387
254 752
211 671
884 690
428 58
530 65
552 587
219 652
474 735
686 829
235 122
138 432
805 164
146 410
68 152
305 268
382 510
852 241
803 455
537 224
689 718
597 5
423 617
522 503
656 646
663 377
730 425
219 623
278 35
201 384
360 388
891 422
421 9
278 330
284 543
507 549
788 719
326 667
648 841
773 889
518 842
566 413
735 351
566 857
25 692
614 300
836 767
563 23
560 772
161 366
464 366
395 289
28 226
280 394
528 133
802 763
835 743
699 102
21 197
663 223
708 129
824 788
162 92
117 613
800 295
443 69
377 640
624 389
739 54
900 520
161 99
258 486
736 94
141 264
225 804
621 505
798 100
45 825
681 479
832 325
798 571
768 875
81 887
681 559
141 190
351 730
852 601
698 394
430 322
573 52
157 579
852 275
536 733
128 309
673 606
894 124
358 656
696 864
326 725
217 833
362 273
768 137
58 732
583 710
593 796
21 15
433 359
227 854
726 701
841 158
632 21
718 665
228 146
754 841
891 412
847 298
633 619
820 23
209 222
697 369
186 378
685 803
883 153
353 824
198 16
487 417
265 256
117 386
657 407
860 80
284 147
461 137
844 848
371 396
494 817
549 388
463 854
324 548
597 151
27 819
462 212
22 58
527 182
71 484
646 190
874 754
508 42
691 36
617 259
887 421
199 84
64 95
673 735
603 122
266 635
585 207
125 416
49 309
167 38
561 472
57 507
758 323
527 179
662 156
102 529
112 670
668 790
204 553
149 745
494 126
120 398
28 74
814 704
876 57
728 822
888 764
147 784
177 488
60 441
753 140
63 249
751 367
183 388
232 130
617 799
163 323
401 820
76 585
435 148
275 151
459 538
355 837
582 676
820 793
404 92
611 493
1 719
826 111
247 436
585 451
102 6
643 193
63 732
622 169
63 668
712 505
340 434
569 416
135 245
217 7
157 149
459 369
680 73
335 518
330 728
605 809
275 515
827 635
714 25
487 290
705 562
653 168
681 303
183 460
631 583
262 192
732 556
132 488
507 515
123 220
5 617
534 700
394 497
72 395
403 567
749 680
97 873
636 269
870 24
577 789
151 836
93 33
613 19
899 84
780 731
733 307
741 232
370 378
519 118
768 393
894 662
735 116
548 91
882 851
284 447
764 839
76 406
536 80
883 61
265 358
237 839
236 897
290 218
741 114
239 403
236 775
221 576
131 791
27 516
227 617
201 121
19 670
424 833
332 299
636 861
247 685
652 865
41 523
613 458
16 565
232 624
759 123
439 148
43 484
779 211
215 257
239 80
261 148
801 565
579 371
376 144
503 401
882 363
896 110
821 661
25 534
268 478
139 767
397 536
26 884
366 196
680 345
302 586
434 183
626 353
440 834
203 735
793 504
302 189
290 130
724 13
368 889
356 439
649 86
697 701
342 749
643 323
186 605
283 795
822 520
590 625
348 257
572 856
74 710
710 882
422 705
892 564
611 792
489 279
381 473
320 128
643 96
272 258
465 546
76 744
899 67
322 351
722 135
334 544
509 695
267 322
17 233
141 515
198 163
210 334
455 103
376 46
521 430
206 564
509 23
875 498
839 701
834 801
148 89
44 442
487 638
694 382
210 545
898 848
721 633
168 612
235 38
657 454
838 429
886 424
851 737
262 596
365 624
381 364
491 312
527 177
242 636
205 534
379 227
412 395
217 309
612 440
369 24
355 338
449 768
468 828
409 509
686 421
52 884
406 250
829 318
503 286
682 163
754 161
225 335
837 627
803 428
225 382
497 654
628 108
299 343
105 532
814 718
674 575
28 255
682 372
680 450
485 426
9 251
486 698
448 188
617 410
220 418
888 259
539 692
885 719
152 6
895 237
666 86
855 204
642 448
857 562
384 498
418 278
450 396
116 122
862 209
283 154
124 829
296 234
601 48
861 624
134 816
611 628
438 45
467 379
717 384
616 179
609 303
811 405
207 82
113 33
368 895
269 100
649 52
426 186
148 94
193 52
293 212
6 660
334 305
267 716
778 316
262 448
192 734
540 126
405 131
42 588
799 789
415 585
511 622
621 891
399 73
253 804
176 149
615 730
560 813
118 726
197 620
791 10
650 370
798 595
865 248
13 879
751 90
154 255
813 377
348 439
393 230
812 885
24 223
675 263
233 306
514 339
152 736
862 702
542 725
487 113
837 330
246 255
300 480
68 60
741 468
881 299
456 332
453 633
472 888
244 666
794 852
176 735
44 51
399 881
770 120
357 520
361 440
590 856
470 777
634 481
160 301
532 675
253 654
395 647
495 524
822 480
879 744
269 180
461 702
95 700
446 800
536 755
782 76
782 758
544 583
27 512
302 272
767 795
751 483
828 241
703 401
158 47
3 896
19 81
419 140
457 435
457 265
881 305
869 536
437 156
735 530
766 715
550 683
274 512
148 84
156 462
303 218
339 257
233 184
553 854
856 836
882 751
230 43
493 72
896 4
585 401
556 554
171 5
626 531
206 48
713 832
277 886
301 44
614 519
357 524
397 203
770 269
290 804
603 499
82 381
240 327
541 510
466 250
380 66
843 406
782 557
511 167
825 566
257 395
634 458
679 104
248 881
18 638
145 37
84 753
337 565
667 71
45 893
325 627
545 817
859 447
373 269
569 818
130 306
590 64
569 594
521 757
128 632
296 631
349 834
625 469
101 345
335 411
885 501
488 424
723 226
67 276
541 53
85 637
878 481
550 475
871 115
400 839
370 732
133 598
676 113
789 885
215 765
51 242
210 732
125 760
872 59
720 891
79 434
768 284
211 222
652 550
696 403
897 446
846 447
632 686
364 315
129 35
422 390
827 460
856 294
275 897
135 740
869 404
20 889
622 721
886 447
848 300
87 136
202 122
580 237
241 657
455 34
853 843
194 141
896 214
202 281
669 17
196 844
16 138
535 111
187 101
109 824
420 532
187 850
683 555
508 832
588 491
837 87
792 872
436 229
513 669
435 213
160 324
222 818
733 150
362 63
641 885
733 516
593 672
639 654
107 81
164 363
696 722
278 602
866 342
285 182
785 86
289 165
849 759
78 233
551 98
288 144
687 616
163 153
519 119
430 354
5 778
778 83
812 727
471 852
588 729
568 373
837 56
683 665
131 691
383 257
756 360
823 501
240 719
98 322
769 761
588 291
392 740
29 224
845 740
449 715
144 528
224 146
575 882
786 474
317 121
885 12
375 58
63 637
774 523
780 336
810 520
600 271
524 489
538 380
187 270
701 208
55 488
186 873
831 465
621 288
664 262
329 390
86 11
287 656
671 175
374 258
573 688
477 487
335 254
12 738
868 247
37 14
496 404
263 898
584 141
691 753
830 155
762 682
163 630
391 338
344 887
336 191
576 604
477 159
604 248
63 359
39 32
229 54
209 62
759 155
899 581
347 774
859 69
500 251
558 541
427 182
775 629
731 250
527 104
226 742
151 173
333 456
515 32
313 60
311 225
56 385
835 591
557 769
862 807
838 460
437 470
61 547
787 722
185 246
835 657
645 610
815 83
341 133
517 835
376 890
216 325
707 187
678 456
166 592
610 588
684 858
757 651
244 304
127 401
750 264
350 428
11 77
335 847
745 70
840 409
781 682
831 562
76 661
286 672
748 769
331 673
347 325
574 679
693 46
170 759
717 587
424 525
608 34
490 91
709 793
791 644
880 713
844 771
48 618
327 260
677 300
172 177
658 130
599 623
592 867
783 789
402 317
143 250
545 174
400 711
271 662
346 23
408 238
319 104
580 858
352 252
314 572
231 477
502 178
621 134
533 698
30 247
96 178
736 88
878 482
416 181
317 607
268 655
863 326
195 20
282 672
659 437
347 8
285 308
597 31
806 592
75 269
188 452
867 838
589 280
414 65
808 637
328 435
506 221
292 652
445 473
573 706
797 395
570 490
663 476
252 766
333 142
747 372
90 2
321 8
431 740
609 297
776 346
746 728
