1234567890123456789024680246803692582840482608668050500050006288088600742658808086860608409848008480
0000000000123456789024680246803692582840482608668050500050006288088600742658808086860608409848008480
0000000000246802468048260866806288088600868606084000000000002886046000468006422066680026608804002620
0000000000369258284062880886009848008480288604600050005000508804002620288602664086400668204080524280
0000000000482608668086860608402886046000666800266000000000008640066820606206060068060860608406020680
0000000000505000500000000000005000500050000000000000500050000000000000500050005000000000000050005000
0000000000628808860028860460008804002620864006682000000000008406020680862600406060680600800022086880
0000000000742658808046800642202886026640606206060050005000508626004060846004806002660006008240566000
0000000000868606084066680026608640066820680608606000000000006068060080026600060086800060004626080080
0000000000984800848088040026204080524280840602068000500050000022086880824056600046260800808288080820
