95 95
64 61 495
65 14 532
14 27 416
53 9 486
7 21 672
33 95 831
54 76 591
19 61 603
42 32 544
60 78 404
22 44 369
39 26 481
9 60 367
29 49 582
89 26 643
19 11 326
56 31 685
10 42 406
28 75 383
17 69 164
44 79 355
30 8 568
6 33 354
34 90 332
37 50 93
8 67 68
31 92 245
4 7 678
77 78 627
21 84 623
40 91 117
76 46 301
16 1 537
42 68 30
16 40 592
17 29 785
87 20 237
28 83 79
24 3 438
11 86 668
34 62 533
49 5 658
22 31 680
55 87 482
74 89 392
51 41 612
28 77 755
93 27 602
72 59 280
64 28 612
2 31 309
24 67 326
20 37 544
71 25 311
51 52 702
52 43 585
70 10 886
87 94 434
23 66 396
9 48 70
25 18 536
47 42 380
58 71 497
43 42 433
43 36 379
4 41 756
38 43 108
34 1 546
84 90 426
13 39 843
39 23 774
37 74 565
12 8 449
33 86 353
53 2 323
57 17 329
35 66 600
57 35 363
18 73 580
8 6 405
46 79 696
81 20 554
82 42 334
29 59 686
58 30 413
82 88 850
73 93 391
46 40 310
82 63 633
45 40 861
73 85 635
80 58 810
81 10 331
42 15 602
14 5 468
