91 183
85 44 289
32 46 695
35 45 709
71 20 520
88 10 769
21 4 48
16 51 196
84 63 501
77 20 22
59 41 858
82 74 742
50 50 484
18 29 319
61 53 377
9 23 575
24 37 111
24 30 136
26 71 700
87 49 334
57 5 255
91 25 877
64 82 73
22 37 199
30 80 356
7 53 870
87 73 945
8 20 170
67 31 281
7 27 365
87 4 96
64 69 679
63 27 737
11 66 639
35 88 641
3 26 614
44 65 165
90 29 690
62 19 493
16 85 88
28 12 595
84 63 780
20 89 650
89 71 243
1 23 372
66 87 135
14 51 416
52 34 388
28 77 34
80 60 73
75 16 605
68 42 882
77 26 688
11 91 589
15 81 517
25 86 406
48 76 259
33 43 973
9 81 512
84 7 567
73 5 402
59 68 413
58 44 352
57 17 773
31 34 437
56 18 673
16 34 765
70 86 403
76 22 343
5 27 387
24 80 607
68 32 810
20 77 122
60 69 21
83 77 353
46 88 819
60 64 424
38 69 304
4 90 303
41 70 560
33 53 902
25 10 355
68 70 811
65 16 767
10 59 290
17 7 868
54 21 94
36 52 690
61 19 433
73 57 336
31 67 399
89 28 375
66 4 605
50 8 370
39 56 271
64 69 344
58 36 246
48 30 30
33 17 539
50 77 592
40 47 633
19 43 498
43 7 791
40 37 428
61 72 380
66 1 730
33 62 465
86 91 243
39 87 703
5 72 397
88 41 282
28 83 160
9 64 528
72 5 430
76 30 558
41 35 930
71 8 148
72 62 843
80 74 669
50 8 642
14 31 323
6 59 752
67 75 723
65 36 456
26 79 98
52 67 233
32 11 912
21 34 988
76 24 614
26 28 26
55 45 612
46 25 527
23 54 423
29 2 704
12 12 761
66 56 708
35 70 489
2 18 604
65 58 244
62 84 790
59 6 704
28 3 362
71 20 239
71 3 682
77 79 184
75 31 773
38 47 579
42 46 834
52 51 758
64 30 221
51 78 290
68 13 875
78 58 139
10 88 458
3 12 175
34 51 692
14 44 743
20 89 773
83 26 643
89 8 356
79 50 106
63 27 634
47 69 166
6 55 829
8 8 234
72 57 633
77 12 145
89 20 746
89 77 435
15 54 354
79 28 599
21 49 565
91 59 503
25 42 432
89 26 252
42 13 661
41 42 709
27 12 139
62 72 322
48 60 376
82 40 17
45 10 267
39 49 714
46 41 292
