200
543 126 363 253 233 26 521 365 150 541 221 355 331 164 503 596 167 115 414 246 7 90 396 36 275 137 110 318 136 340 105 27 542 44 202 524 391 453 425 583 118 151 133 94 394 312 304 390 273 508 429 532 580 387 224 97 563 78 465 155 205 471 335 59 552 477 405 514 218 286 16 33 230 411 530 281 195 197 201 481 536 399 535 548 241 555 342 248 432 217 161 395 117 45 592 257 327 252 480 377 229 306 103 369 171 362 154 450 334 244 526 582 153 380 130 435 407 55 52 187 254 458 54 364 533 322 469 47 428 443 152 141 351 114 462 267 279 486 212 262 359 277 291 48 475 374 22 265 99 338 550 307 452 116 61 28 424 235 142 487 590 43 368 493 529 451 134 38 174 463 266 216 111 144 576 557 251 77 238 293 305 385 446 249 125 488 366 17 319 39 282 375 454 358 24 456 383 160 79 67
400 9 48
2 237 155
1 128 3 264 67 443
2 444 638
2 342 22
2 370 439
2 460 13
2 298 551
1 451 2 17 502
2 332 128
1 37 1 552
1 34 3 342 95 219
2 510 332
2 81 293
1 123 2 433 23
1 553 1 13
1 565 3 421 320 510
2 552 612
2 4 498
1 366 1 181
2 631 77
1 372 1 460
1 238 1 22
2 258 548
1 129 3 638 631 204
1 538 1 37
1 415 2 628 465
1 65 3 470 455 184
1 301 3 198 166 383
1 49 2 630 289
2 433 320
1 72 1 34
1 47 1 253
1 64 3 72 206 310
2 129 335
2 532 28
2 546 383
1 540 1 447
2 612 412
1 304 1 128
1 202 1 305
1 273 1 55
2 128 0
1 73 3 33 485 534
1 563 3 366 358 115
1 396 3 47 329 408
2 33 170
2 321 549
2 630 532
2 433 214
1 311 1 66
2 232 214
2 233 430
2 471 270
1 452 1 501
2 250 396
1 105 3 444 0 304
2 198 553
2 534 477
2 565 356
2 94 17
1 107 3 557 302 68
2 202 487
2 68 539
1 57 3 538 541 314
1 62 3 452 214 167
2 375 624
1 176 3 559 189 563
1 635 2 40 238
2 421 87
1 199 2 158 178
1 625 2 549 612
2 487 257
2 383 460
1 21 3 65 504 43
2 55 171
2 69 452
1 353 2 200 500
2 151 335
2 305 612
1 359 1 20
1 404 2 472 558
1 252 1 438
1 328 3 232 123 69
2 13 139
1 177 3 562 27 243
1 483 1 327
1 520 1 127
2 375 271
1 179 2 196 427
2 328 233
1 616 2 625 313
2 189 359
2 430 310
2 107 205
2 123 563
1 319 1 273
1 525 1 404
1 570 1 193
2 185 6
1 211 3 237 409 354
1 1 2 572 311
1 240 1 435
2 264 353
1 174 1 487
2 532 72
2 148 558
2 379 538
2 240 166
2 222 328
1 399 3 464 11 539
2 465 190
1 100 1 387
1 637 3 493 439 315
1 550 1 326
1 104 3 348 105 126
1 505 1 412
2 515 182
1 96 1 382
1 363 2 160 339
1 108 3 70 168 151
1 45 1 635
1 146 1 73
1 117 2 608 249
2 502 213
2 408 34
1 52 3 471 372 233
1 530 1 62
2 320 256
2 550 491
2 174 304
2 211 349
2 222 146
1 514 3 624 155 205
2 106 42
2 399 129
1 136 1 201
2 608 502
1 388 3 245 293 423
1 197 2 169 203
1 492 1 29
2 612 530
1 223 1 228
2 421 532
1 475 1 64
2 125 295
2 625 536
1 93 3 87 379 297
1 283 3 259 343 498
2 382 305
2 487 277
1 632 2 506 492
2 6 264
2 505 72
1 143 1 174
1 16 1 185
1 377 1 477
1 260 1 6
2 342 240
1 30 2 499 94
1 120 3 106 270 143
1 454 3 367 182 356
2 166 328
2 95 115
1 254 1 107
1 156 1 240
1 10 3 125 359 7
1 330 2 530 332
2 83 201
2 504 297
1 494 2 532 129
1 440 3 413 1 574
1 362 2 117 156
2 166 483
2 151 37
1 364 3 252 30 475
1 544 1 93
1 312 2 483 110
1 482 3 363 545 569
2 185 387
2 52 22
2 40 176
1 480 3 199 57 544
2 184 514
2 404 305
1 135 1 21
1 74 1 514
2 612 440
1 61 3 211 548 353
2 408 22
1 422 1 480
1 109 1 370
1 112 2 45 177
1 527 2 347 31
2 151 443
2 377 275
2 198 301
2 2968 2869
1 528 3 234 202 38
2 243 143
1 265 1 398
2 487 545
1 241 3 399 171 223
1 436 1 565
2 572 196
2 190 422
1 369 2 295 256
1 512 1 265
2 72 570
1 140 2 254 257
2 232 42
1 255 3 112 16 384
2 108 546
1 36 1 49
1 53 2 283 255
1 524 2 140 108
1 441 1 275
2 73 433
1 56 3 396 335 511
1 216 1 369
2 540 222
2 395 151
2 452 396
1 639 2 36 494
2 171 155
2 93 144
2 330 1
1 8 3 145 74 109
2 447 512
1 368 2 481 8
2 126 398
2 135 259
2 93 237
2 185 441
1 507 2 176 271
2 545 354
1 611 2 146 32
2 343 383
1 568 1 442
1 12 2 301 330
1 46 1 528
2 421 472
2 64 129
2 105 199
1 227 2 430 258
2 167 23
2 631 93
1 626 2 135 53
2 115 572
2 368 67
2 430 270
1 357 3 12 227 83
1 50 3 319 4 321
2 549 61
1 51 1 81
1 153 2 364 357
2 67 28
2 549 112
2 383 339
1 41 3 349 277 51
1 54 3 505 377 100
1 323 2 507 616
2 538 94
1 5 1 153
2 638 21
2 359 110
2 395 430
2 568 125
2 527 528
1 526 1 312
1 116 3 524 77 632
2 557 565
1 63 3 46 454 217
2 339 50
2 227 177
1 299 2 41 179
2 81 539
1 80 3 299 96 551
1 391 2 637 546
1 486 3 515 170 482
2 11 34
1 458 2 536 512
1 474 3 250 526 626
2 427 140
2 611 223
2 250 388
1 431 3 216 291 28
2 73 475
1 296 2 44 61
2 277 0
2 330 440
1 516 3 80 451 5
2 372 216
1 149 1 550
2 96 283
1 215 3 10 136 149
1 192 3 391 42 395
1 195 3 208 440 611
1 212 1 296
2 93 404
1 420 1 63
2 12 68
2 514 289
1 207 3 50 388 192
2 256 396
1 521 3 436 148 486
1 226 3 298 639 568
2 10 6
2 241 135
2 536 502
2 256 185
2 215 95
2 568 538
1 26 3 190 553 260
2 625 364
2 382 27
2 94 384
2 323 206
1 9 2 328 431
1 478 3 89 441 213
1 154 3 422 104 525
2 143 552
1 469 2 420 207
1 495 3 154 350 540
2 257 258
1 263 1 415
2 625 110
1 210 3 144 52 474
1 351 2 520 495
1 389 2 210 212
1 173 2 197 368
1 161 2 9 389
2 43 568
2 11 491
2 465 504
1 102 2 26 78
1 76 2 161 362
2 46 168
2 327 253
1 59 1 54
1 224 2 491 215
2 123 320
2 232 289
2 178 263
2 506 78
1 341 3 516 527 59
1 15 2 478 375
1 531 2 346 323
2 395 7
1 236 3 263 521 102
2 177 207
2 510 174
2 524 628
2 568 631
2 1607 1848
2 608 271
2 67 377
2 570 201
2 257 45
2 538 108
2 170 471
1 448 3 56 469 341
2 474 47
2 33 550
2 77 516
2 413 228
2 635 568
2 21 256
1 1381 1 1511
2 1068 1259
2 208 436
2 545 78
2 1744 1644
1 629 1 139
2 275 16
1 165 3 629 224 226
1 191 2 222 241
1 429 1 173
2 128 259
2 260 57
2 26 236
2 1762 1859
2 481 1
2 53 115
2 481 521
2 339 34
2 534 259
2 492 474
1 503 2 429 448
2 6 315
1 634 3 458 236 570
2 12 156
2 507 447
2 125 415
2 59 171
2 158 15
2 486 200
2 93 270
2 502 504
2 511 249
2 238 495
