400
861 213 96 752 1059 143 755 987 1125 36 510 586 86 247 512 1084 612 971 178 913 1175 706 654 801 1130 587 389 836 1146 596 453 1025 1006 312 1108 445 370 759 193 125 337 594 532 1024 624 449 405 932 765 1199 792 995 926 975 1131 61 1076 1124 528 561 73 1156 466 973 718 540 1095 565 918 746 35 74 860 1137 393 1196 1101 1075 432 708 382 166 653 91 729 353 595 770 65 11 610 438 381 218 368 493 387 343 872 111 396 588 762 39 914 283 756 138 541 818 18 1065 1049 249 386 923 401 15 1102 589 44 924 406 350 611 84 5 475 647 953 1180 1070 553 623 450 351 1138 426 105 479 665 827 1174 57 421 790 1063 186 1066 823 1113 811 969 608 480 1110 659 502 1128 908 760 195 550 483 215 1123 153 695 329 1086 1165 410 664 531 808 319 563 1074 650 47 682 34 476 149 53 739 490 224 1009 888 318 134 1111 188 1184 605 978 30 620 508 1154 1179 365 488 711 379 775 388 930 1157 236 713 686 1048 147 384 20 398 707 982 60 917 795 109 1081 100 145 425 290 674 364 1119 651 308 1089 31 112 648 536 700 269 116 566 639 303 1188 791 880 521 82 1044 815 979 948 58 1122 658 525 873 95 120 196 741 874 1001 539 184 66 1197 470 1018 234 868 1142 433 883 223 511 626 1068 753 462 1148 1136 1008 1163 754 171 1037 1114 867 748 985 768 687 378 2 339 831 163 866 545 130 996 151 237 556 129 78 413 1036 846 169 287 871 745 1026 408 51 683 62 92 9 1020 1143 1039 362 721 533 494 1055 285 844 446 714 305 854 203 928 901 1078 569 103 1147 692 857 590 46 423 1016 322 750 282 487 150 451 1106 929 50 814 208 155 956 101 190 1062 703 399 6 984 467 704 239 197 825 1181 909 201 472 444 342 68 174 1192 516 121 842 983 1118 693 1043 804 1139 1120 732 886 200 56 1013 652
800 9 100
1 296 3 1000 205 93
2 315 650
2 472 710
1 732 3 956 1112 1128
2 578 532
1 208 1 90
1 1230 1 1149
1 288 1 939
2 594 732
2 447 4
2 768 633
1 295 2 20 829
2 1043 661
1 876 3 782 584 194
2 534 844
1 300 1 1075
1 652 1 788
2 348 659
1 198 3 892 720 909
2 194 70
1 191 2 1024 732
1 997 3 177 851 235
1 1007 1 1257
1 114 3 276 951 631
1 1064 2 468 278
2 624 786
2 1128 276
2 605 1114
1 445 3 1036 1124 1220
2 558 388
2 93 800
2 111 960
1 644 3 173 751 447
1 58 2 1090 993
1 698 2 624 567
1 881 2 137 391
1 82 1 1031
2 311 832
2 519 1257
2 581 1001
2 800 1036
1 1261 3 255 814 957
2 241 1044
1 416 3 672 553 1028
2 75 843
1 603 1 331
2 1248 728
1 400 2 1129 868
2 1 3
1 848 2 1110 388
1 1130 2 1046 647
1 129 3 854 411 842
1 61 3 965 913 594
2 377 347
2 88 800
2 508 473
1 1255 2 1131 941
1 940 3 417 632 660
1 362 1 281
1 852 1 523
2 264 599
1 783 1 379
1 178 2 1091 808
2 123 139
2 848 745
1 606 2 393 696
1 610 2 1082 599
2 1078 287
2 810 1111
2 656 98
1 708 2 434 1117
1 978 2 1136 1279
2 187 177
2 1047 1249
2 480 461
1 409 1 147
1 602 1 1064
2 941 782
1 115 3 402 1102 617
1 827 1 282
2 602 1085
1 435 3 56 780 3
2 924 25
2 950 137
2 1149 16
2 118 488
1 1277 2 97 139
1 919 3 167 1044 505
2 287 107
2 20 1272
2 662 842
1 975 1 1254
2 109 175
1 1122 3 111 976 641
2 0 641
1 1022 3 589 800 81
2 1045 488
1 412 3 827 661 287
1 629 2 74 216
1 1142 1 685
1 979 1 286
2 558 1054
2 993 975
2 1098 175
2 45 1273
2 247 194
2 443 90
1 742 1 295
1 404 1 516
2 97 745
1 711 2 644 975
2 800 382
2 686 270
2 309 70
2 768 1254
2 868 808
2 1018 1036
2 686 71
2 86 708
2 410 1014
2 264 136
1 925 2 1111 445
2 868 261
1 327 2 926 64
2 758 404
2 160 447
1 392 3 1230 1255 377
1 871 3 314 394 175
1 733 1 75
1 234 2 461 398
2 1255 191
2 199 610
2 510 132
1 1250 2 474 508
2 791 867
2 92 693
1 609 1 498
1 1097 1 670
1 65 1 578
1 761 3 714 409 693
2 473 764
2 1082 913
2 199 625
2 426 682
2 863 1059
1 419 3 88 606 71
1 529 1 519
2 180 609
2 336 1048
1 922 2 410 1143
1 991 3 238 552 774
1 1120 1 882
2 102 851
2 654 909
2 438 665
2 578 518
2 567 167
2 636 1230
2 1095 924
2 567 1066
1 626 3 435 602 636
1 273 2 621 301
1 914 2 852 1007
1 221 3 1025 810 16
1 738 3 896 4 978
1 240 2 423 221
2 1061 1048
1 588 2 1065 199
2 814 723
2 11 1129
1 217 2 347 160
2 516 519
1 324 1 226
2 404 315
2 202 1279
1 1119 2 832 416
1 1116 1 118
2 383 609
1 256 2 682 327
2 1143 434
2 194 1014
1 798 3 863 191 179
1 779 1 612
2 919 633
1 34 2 1043 89
1 1005 2 13 92
1 1118 1 1013
2 64 916
2 625 786
1 352 1 1249
2 391 1022
2 286 253
2 13 82
1 1012 1 86
2 764 1255
1 756 3 67 964 1055
2 1096 114
1 536 1 1083
2 941 1042
1 334 2 847 336
1 912 1 686
1 700 3 603 1014 438
2 393 90
2 9 1065
2 1036 37
2 1007 610
2 1131 505
2 1030 1106
1 855 1 946
1 189 2 1072 198
1 977 2 59 1009
2 426 202
1 355 3 50 659 1120
1 413 3 731 462 309
1 200 3 421 662 1039
1 575 3 758 1116 1106
1 527 1 469
2 685 859
1 215 2 765 665
1 1223 1 744
2 46 1000
1 923 2 484 1126
1 1123 2 54 392
1 252 2 241 764
2 1110 417
2 334 612
2 75 1136
2 554 508
2 161 882
2 4 825
2 445 402
2 65 791
1 47 3 569 1098 501
2 1254 937
1 268 3 37 352 920
1 1138 3 396 261 243
1 690 1 107
1 471 1 472
1 174 1 1138
1 68 1 566
1 1035 3 247 534 895
1 450 2 72 520
2 295 165
2 710 1273
1 1026 1 708
2 1023 714
1 707 3 914 307 867
1 431 1 919
2 114 411
1 266 1 497
2 1106 268
2 578 1055
1 807 1 383
2 1065 1044
2 38 868
2 628 529
1 1037 2 1047 1018
1 954 1 608
2 102 1072
2 81 286
1 79 2 450 739
1 1027 3 775 296 1216
2 848 1083
2 768 161
1 77 1 493
2 136 270
1 703 3 214 98 426
1 899 1 1263
2 245 825
2 756 536
2 534 774
1 517 3 663 412 234
1 149 3 652 1097 959
1 1107 1 917
1 736 3 123 650 593
1 2 1 413
1 135 1 629
1 853 2 1223 610
2 177 1000
2 686 609
2 742 413
1 921 3 65 355 791
1 822 1 554
1 580 1 1038
1 1278 1 518
2 1054 861
2 939 1138
1 982 1 362
1 878 1 922
2 1267 25
2 832 1010
1 456 2 404 796
2 490 462
1 95 3 408 639 1122
2 471 628
1 734 1 943
1 269 2 218 46
2 92 774
1 85 1 400
2 1031 11
2 1249 207
1 455 1 510
1 386 1 626
2 278 1148
2 964 309
1 354 3 1023 1147 230
2 440 732
2 208 266
1 108 3 311 824 240
1 24 2 512 1148
1 936 3 979 341 925
1 76 2 455 266
2 989 217
2 1095 86
2 480 214
2 827 191
2 341 324
1 1071 2 536 9
1 318 3 28 745 876
2 539 309
2 903 419
2 89 46
2 629 913
1 1219 3 25 837 1095
1 1236 2 200 1107
2 388 670
2 487 480
2 187 859
2 59 276
1 749 3 575 588 315
1 420 1 558
1 428 1 701
2 445 628
1 429 2 122 921
2 916 443
2 24 214
1 302 3 300 1 818
1 1093 3 270 178 707
1 507 1 480
2 88 493
2 1061 943
1 1100 3 668 242 871
2 392 993
1 1015 1 190
2 347 659
1 642 1 1104
1 385 1 783
2 498 318
2 493 198
1 607 1 1005
2 599 1039
1 935 3 61 1026 180
1 586 3 440 172 486
2 913 214
2 255 708
2 523 282
1 1274 1 605
2 853 774
1 328 2 1015 676
1 616 2 386 269
1 84 2 1114 586
1 7 3 422 142 861
2 346 642
1 57 3 324 207 906
2 926 703
2 768 1014
1 414 1 748
2 913 617
1 1103 1 1272
2 991 648
1 601 3 734 76 607
2 1111 764
2 435 800
2 47 1045
2 167 553
2 449 87
1 321 1 382
2 1101 25
2 676 50
2 187 1219
1 526 1 115
1 540 3 786 215 439
1 203 3 1061 1037 114
2 711 487
1 457 1 633
2 748 115
1 996 2 34 940
1 448 2 878 844
1 790 2 960 157
2 602 68
2 362 191
1 151 1 539
1 292 2 220 984
2 90 1015
1 73 1 700
1 869 3 94 326 385
1 681 2 1225 1045
1 110 1 698
1 196 3 321 487 848
1 692 3 996 991 302
2 327 334
2 205 490
2 800 913
1 699 2 954 899
1 254 1 451
2 205 954
2 685 178
1 806 1 527
2 578 602
2 560 218
2 510 486
2 854 411
2 2748 3326
1 767 3 29 654 256
1 858 2 750 87
1 192 3 798 853 1130
2 57 516
2 616 336
1 990 3 45 11 1273
1 52 3 990 560 653
1 219 3 507 746 1219
2 519 98
1 1073 3 822 57 1012
1 308 3 703 699 306
1 963 2 136 947
2 174 200
2 947 917
1 401 2 1224 767
2 648 605
2 273 963
1 730 1 859
2 404 993
2 1128 2
1 231 1 916
1 210 2 449 719
2 266 631
1 680 1 1078
1 766 1 387
1 987 2 109 7
1 938 2 222 937
1 155 3 431 903 161
1 640 1 1125
1 465 3 597 95 292
2 517 662
1 313 2 609 526
2 3 422
2 409 295
2 575 936
2 672 710
2 90 202
1 1268 3 1096 354 73
1 671 1 264
2 641 1126
2 307 52
1 577 1 756
1 623 3 308 742 1236
1 399 3 766 656 1066
1 618 1 210
1 66 3 254 540 245
2 798 417
1 1034 1 68
1 549 3 738 1034 346
1 494 2 843 1248
1 1252 2 855 1073
2 410 123
1 531 1 601
1 407 2 47 401
1 1094 1 32
2 92 300
2 282 54
2 135 937
2 738 566
1 5382 3 5925 5770 5627
1 5234 3 4716 5641 5862
2 5722 6004
1 1251 2 625 79
2 382 167
2 715 977
1 343 2 465 715
2 749 510
1 590 3 1227 428 494
1 945 1 936
1 285 3 640 70 231
1 845 2 66 1071
2 956 1039
2 234 273
2 750 175
1 815 3 192 761 790
2 66 396
2 675 909
2 788 245
2 807 518
2 1036 1257
2 847 1120
1 133 2 1042 870
2 180 507
2 445 899
1 17 3 532 219 628
1 709 1 466
2 616 641
1 310 1 1048
2 616 1098
2 1263 1123
2 217 408
1 201 3 1016 189 580
1 705 1 448
2 636 861
2 1147 639
2 252 749
1 712 3 1103 1094 531
1 360 2 950 966
2 922 966
2 94 481
1 1105 2 1030 559
1 293 1 399
2 924 382
2 827 711
2 617 867
2 71 578
1 304 1 328
1 395 1 679
1 955 2 229 174
2 1035 798
1 694 3 680 710 721
2 1136 578
1 600 1 711
2 1016 1250
1 930 3 52 473 733
2 242 58
2 215 607
2 205 881
2 943 58
2 768 685
2 255 920
2 315 161
2 2 925
1 522 1 709
2 404 941
2 1216 1071
2 111 383
1 41 2 955 600
1 1019 1 963
2 685 867
1 551 1 712
1 541 3 825 202 318
1 702 1 187
1 657 1 294
2 1042 762
2 343 409
2 377 1015
1 513 1 84
1 127 3 253 657 616
2 114 1147
2 218 412
1 885 2 513 203
2 435 997
2 842 577
1 890 1 549
2 1001 569
2 155 493
2 443 423
1 320 2 781 361
1 305 2 343 112
1 260 1 938
1 834 1 1142
1 805 2 265 1251
2 501 1090
2 1112 1073
1 865 3 313 749 551
1 931 1 623
2 135 513
2 11 1005
1 1145 1 881
2 98 321
2 32 1009
1 1258 3 736 1059 310
2 1251 1048
2 107 1103
2 921 1066
1 1011 1 806
1 125 3 858 42 1277
1 999 1 443
2 448 1119
2 487 1263
1 757 1 395
1 299 2 1145 260
2 28 923
2 552 764
2 975 775
1 236 2 1093 407
2 832 768
2 541 1149
1 232 2 165 885
2 222 584
1 134 3 285 930 1266
1 290 2 989 834
1 697 1 491
2 517 172
2 93 408
1 726 2 1019 273
2 852 461
2 554 336
1 840 3 923 581 577
1 1264 2 1054 348
1 1063 3 840 1258 1274
1 14 2 1119 1228
1 667 1 304
1 482 2 252 236
1 113 3 360 1011 771
1 545 2 17 456
2 512 624
1 1121 1 728
1 425 1 133
1 849 3 681 667 414
2 715 1225
1 225 1 845
2 132 379
1 39 1 924
2 1112 52
1 375 3 334 155 290
2 2 393
1 297 2 77 82
2 881 242
2 472 192
1 544 3 125 805 1086
1 150 1 1022
2 226 853
2 1145 451
1 716 3 196 232 208
2 201 520
2 419 122
1 259 2 997 420
2 48 187
2 526 764
1 272 3 545 757 1268
2 578 834
2 935 282
1 802 3 1063 108 320
1 543 2 1118 648
1 773 3 910 272 692
1 620 1 544
2 701 935
1 649 2 690 931
1 907 3 1250 24 543
1 506 3 471 590 718
1 666 2 490 1267
1 547 2 85 671
1 284 2 113 666
2 461 231
2 1009 1131
1 1003 1 134
1 1276 2 1027 102
1 509 3 1001 225 297
1 1226 3 987 444 869
1 43 3 457 299 779
2 783 628
1 489 2 482 63
1 143 2 38 678
1 1222 1 151
2 620 285
1 891 1 694
2 782 616
1 968 2 135 977
2 956 1103
1 35 3 284 14 618
1 794 2 849 201
2 9 871
2 16 7
1 376 1 620
2 431 648
2 1009 447
1 369 2 945 522
2 1222 70
2 547 314
2 377 285
2 331 81
1 316 3 375 912 305
2 179 575
2 326 1043
1 741 2 488 1100
2 675 1128
1 862 1 1085
1 463 2 723 815
2 457 253
1 860 3 43 419 1035
2 767 1090
1 819 1 1105
1 646 1 509
2 996 665
2 617 306
2 814 25
1 433 3 288 481 865
1 237 1 794
2 854 584
1 128 1 819
1 211 3 547 143 1264
2 419 909
1 556 1 935
2 815 444
1 524 2 127 517
1 83 3 702 237 891
1 6 2 293 35
2 16 58
1 568 2 132 425
2 955 517
2 800 861
2 1258 238
1 1077 2 149 83
2 726 851
1 454 3 862 675 1276
2 11 512
2 1101 1035
2 1279 882
2 429 486
1 962 1 716
2 74 222
2 399 730
2 1027 941
2 783 1039
2 1073 408
1 613 2 726 697
1 772 2 39 58
2 867 781
2 377 219
1 564 2 741 649
2 11 680
2 733 463
1 204 3 150 968 0
1 1253 3 568 1010 524
1 30 1 506
1 152 1 772
1 291 1 556
2 341 1100
1 384 2 217 1123
2 388 465
1 53 2 6 705
1 162 1 646
2 631 739
1 367 1 268
1 170 1 1261
2 532 401
2 672 1045
2 527 632
2 354 654
1 820 2 1077 316
2 92 482
1 803 3 613 642 489
1 193 2 463 211
1 673 3 890 1222 541
1 374 1 128
2 471 909
1 995 1 367
2 1114 896
1 185 1 1121
2 270 295
2 90 642
1 535 3 193 820 564
2 1226 152
1 246 3 995 962 907
2 749 666
1 1051 2 1003 1278
2 1263 1261
2 863 686
2 6027 4154
2 454 650
1 141 2 1051 246
2 417 473
1 349 2 807 48
2 1148 135
2 730 1086
1 942 3 374 1253 259
2 860 6
1 154 3 982 535 803
2 385 529
1 197 1 773
1 1150 3 384 170 802
2 334 252
2 2760 2542
2 416 1051
1 591 3 762 673 1074
2 265 132
2 493 1126
1 153 1 185
2 445 301
1 51 1 376
2 210 414
1 1041 1 591
2 324 102
2 93 609
1 195 1 154
1 980 2 41 1226
2 1030 510
2 1267 989
1 555 3 1101 53 162
2 1276 732
2 139 86
2 1258 42
1 124 2 759 369
2 154 386
1 163 3 942 555 349
