1000
1455 2661 2417 2681 580 2017 1772 858 1734 868 1367 1407 2817 143 2061 336 1413 2181 467 2678 1632 1027 2235 2710 416 168 2677 1283 1834 1902 2614 1284 737 1428 1817 968 520 2890 2324 2214 1741 257 498 497 1646 1681 1839 2740 419 2423 325 2076 158 2905 99 424 839 137 1990 392 466 1513 1374 2373 387 1955 1939 1649 951 1726 2425 1509 686 1167 2392 1078 2310 1378 589 2500 2358 1255 623 2158 2979 2503 2852 545 2240 471 2119 2932 978 1431 2376 1335 2985 2474 1449 305 100 1599 1443 2770 509 2272 2385 2613 2184 2486 652 2838 437 2080 2987 359 460 2908 2719 810 2491 1962 1733 2145 24 507 2198 795 2849 1041 539 2208 854 610 1003 2732 828 2794 989 2976 348 578 284 2995 1129 334 798 2238 2327 1315 1410 1630 2349 401 2219 2632 2432 1305 2690 999 1816 1573 2354 2442 1398 848 2835 1818 1172 1843 1879 1909 1758 1979 659 49 2104 1029 2011 2367 812 2438 1412 1706 2903 566 1147 2795 940 2669 276 384 2455 1077 1941 1804 1020 527 2166 2063 1548 733 349 2490 1281 74 249 2963 2666 2968 289 2970 1572 2942 339 1242 2045 484 825 2936 1811 711 2056 1998 1405 2380 973 738 1403 33 2025 1206 864 302 165 1556 1565 2738 1519 2618 444 2477 2105 2567 1299 1200 1311 155 2098 1613 1754 2789 730 260 63 2724 1569 1138 964 2753 2453 2656 1425 512 2582 2837 2647 101 1395 2657 720 971 1720 2299 2431 423 71 1334 2355 2469 2369 2446 2194 647 709 2286 243 2295 2529 2127 2494 2153 361 615 1165 1785 2902 2606 1486 1154 2829 1237 44 391 2277 2501 708 372 202 2686 2616 824 967 2744 1674 2211 1601 525 768 1192 651 866 2067 664 2924 1959 899 2170 1503 573 2548 2685 1190 426 1921 2626 1196 2497 2314 732 2020 2033 1961 2418 2192 2271 422 70 2842 1840 752 929 633 2331 2867 1218 2635 2233 195 1483 1552 1202 1920 1836 814 2162 282 1605 2918 2130 102 2670 1232 312 2549 921 2688 2947 1081 541 2749 1097 2143 1558 1414 2280 411 1947 1373 1223 2800 2255 2043 127 891 171 697 2399 2659 1064 2691 2378 689 2036 2445 1436 2182 1695 1117 45 476 2117 984 2035 118 2935 1684 811 286 462 2689 1070 179 2943 1112 2731 2096 2237 2254 178 1221 2019 699 1166 2155 1071 2564 2292 2154 2356 2419 822 1099 716 2212 2112 1381 335 739 69 1219 2668 1747 1342 2999 2230 116 530 2868 736 2761 516 1753 904 452 2742 2363 420 16 744 2115 472 1229 218 1118 181 2449 2031 584 52 1669 954 210 2236 443 465 1417 1859 2822 2798 211 2146 2662 2624 2899 1419 1349 1710 2718 2 2542 1862 2231 714 639 970 2069 379 916 995 725 28 2051 2368 1653 2552 852 2713 487 129 483 2028 2619 1015 1657 1262 439 2157 2778 1260 2875 442 43 2519 2848 1143 1511 1489 1244 2227 1197 410 1849 1024 1629 1370 2321 2517 1724 1995 400 551 934 764 1633 538 1991 1108 1036 1080 1557 1974 1880 2954 2421 167 2389 1005 1241 2048 1220 1850 2256 927 2071 561 2041 2590 772 480 77 2361 2746 110 2741 1066 2279 2374 9 1826 97 2615 518 2981 1039 2623 1340 2320 1752 1604 1032 809 2960 759 1735 1225 543 933 2673 1194 1831 581 2027 2415 2193 8 949 823 2252 135 1762 1178 1960 1815 1937 2516 326 646 834 2282 242 1654 200 2557 398 1119 801 657 353 2093 842 245 142 723 1356 1199 2437 1760 917 2262 606 1725 1127 819 922 2725 2488 2404 113 2921 1450 2195 1399 2851 2551 500 1142 950 2234 958 1007 1702 761 2276 2722 2103 20 1925 1017 2607 2360 2409 2225 1528 1936 1182 1798 704 389 906 1360 386 1584 25 1861 396 789 1774 219 1439 449 1271 1759 2156 1384 1058 1270 2743 499 632 2337 263 2540 988 2416 1529 1453 198 447 721 2397 2808 1972 898 1113 1794 119 1900 1013 2791 1813 2788 1966 1344 1871 1030 139 1527 1729 1257 2124 2149 273 1309 2222 150 2106 638 1930 1040 1751 2629 2544 2869 39 2226 1145 609 2889 399 1170 1524 1091 2307 366 2325 1789 644 2638 2107 362 1553 2733 1355 2664 668 2833 1345 1650 1678 501 2263 1596 2887 489 1517 2134 233 456 1662 2823 61 358 64 2885 2655 1722 884 3 2479 666 2128 1510 1397 47 1889 2122 2679 1639 262 663 126 715 1504 175 818 94 2698 2612 1279 2796 1742 404 174 597 2926 2648 2206 79 445 2916 1321 1273 355 1310 319 478 2556 1743 1708 537 1964 1750 132 2560 1976 458 2860 1755 121 966 1615 2242 1494 374 2053 1928 2335 648 2136 514 1025 2514 2038 2204 611 1711 2975 627 2030 1008 1546 1761 1512 311 1169 2543 1266 1878 1926 1567 1689 2772 1048 676 2300 2435 529 2660 640 1037 2429 459 2386 1306 856 649 2830 531 223 1944 2401 2511 187 2636 347 1922 1238 1819 2370 92 754 914 1593 2990 2930 918 2621 2042 2471 1897 1411 196 1540 2140 2553 2818 429 1915 2459 1954 641 2745 850 1825 2228 446 136 1901 51 807 1551 1046 343 486 59 607 757 1256 719 786 1607 1308 409 2946 3000 1980 246 847 134 2527 1106 1547 1507 851 161 1690 835 806 1536 1685 2812 1508 2596 1820 2040 1799 496 661 1155 1577 1382 863 508 513 1124 2693 2735 1951 1779 2832 1631 2541 650 902 2786 131 2726 390 1699
2000 65 59
2 1602 1270
2 1304 1581
1 1274 1 2138
2 797 1469
1 2405 1 2648
2 2861 1406
1 1098 2 2559 2491
1 1702 2 1730 2675
2 1123 35
1 590 2 2777 443
1 616 3 2638 1475 686
1 849 1 1076
1 1565 1 69
1 1643 3 1614 2750 381
2 2816 2861
1 2160 1 2746
1 1958 3 403 2659 1100
2 877 488
2 1402 2257
1 2602 2 2192 2563
1 1257 1 832
1 903 2 2172 2445
1 2288 1 1711
2 1514 2353
2 2460 2313
1 1639 3 2556 2802 699
2 2690 1955
1 1334 2 1685 691
2 176 34
2 901 2768
2 1847 156
2 2317 2883
2 952 1078
2 2691 1387
1 183 2 1119 338
1 2973 2 333 1517
1 2678 2 259 2962
1 374 1 2498
1 2479 1 2973
1 1396 2 2919 1317
1 135 1 2299
1 1134 3 136 1279 943
1 2509 3 2843 522 642
2 1663 639
2 1963 2623
2 1491 477
1 936 2 186 2452
1 1140 2 1831 2892
2 849 88
1 2166 3 1952 998 1754
1 981 3 348 2859 2783
2 2409 1794
1 1275 2 1595 2304
1 1739 2 1316 1387
2 1193 2920
1 78 2 184 446
2 2259 686
2 1279 2382
1 2505 3 2070 2824 1755
1 2021 3 2842 268 1392
2 879 2591
2 716 682
1 1526 3 2884 2219 2183
1 1091 3 2637 546 575
2 2185 1136
1 2495 2 1853 2060
2 2987 2793
1 387 3 1270 476 2486
2 1982 1818
1 1542 1 590
2 2655 2350
2 2522 1045
1 806 2 2775 867
2 2161 2037
2 682 2564
2 1287 2892
2 2051 2417
2 2668 2247
1 2342 1 580
2 2237 1755
1 2814 3 2107 2167 1908
1 2341 3 1204 518 569
1 202 2 201 1374
1 2834 1 1491
1 1919 2 1239 1234
2 1076 642
2 581 690
2 630 1259
2 184 1165
2 1547 2147
1 1380 3 2460 2350 875
1 526 3 690 1852 2171
1 725 3 66 1298 1824
2 2895 2186
2 472 1123
2 50 2336
1 2673 1 455
1 1378 2 1123 200
1 279 3 418 713 2176
1 2692 2 1538 2181
1 2230 2 2168 584
1 1005 2 2104 1809
2 1001 770
2 1174 1381
1 1676 1 1979
1 2198 3 763 2417 479
2 2768 1826
1 2607 1 298
2 2876 805
2 2759 831
1 2988 3 2008 2293 1172
2 228 1076
1 2526 3 1627 1591 2200
1 1434 3 2015 2522 2283
2 77 2410
1 1696 2 2591 2700
1 212 2 1041 675
2 1749 2270
1 561 2 1667 1208
2 2668 2993
2 791 590
2 2651 501
2 1832 364
2 729 137
2 578 2464
2 967 2104
1 2324 1 23
1 2604 1 1492
2 1119 2718
1 217 3 2537 181 728
2 1874 2183
2 253 2968
1 263 2 2261 888
2 456 2004
1 1993 2 224 436
2 266 385
2 2268 805
1 2820 1 1671
2 2619 2292
2 2641 952
1 2265 2 766 2341
1 196 2 2285 156
1 1028 3 2620 456 1917
1 1949 3 1122 884 1763
1 1346 2 1820 2793
2 1134 2174
2 2820 2070
1 783 2 2155 1956
2 2655 1986
1 1633 3 525 2626 1403
1 1339 2 2429 74
2 1800 553
1 327 1 135
1 2169 3 2672 579 1082
2 2181 729
2 1101 929
1 1219 1 673
1 2250 1 1581
1 1305 2 2128 1205
1 265 2 90 149
1 18 3 511 178 277
2 1399 2346
2 1993 2965
1 1774 2 742 2050
2 1172 967
2 1278 2499
2 1676 680
2 1789 1567
2 926 1066
2 2268 775
1 2881 2 1008 28
1 1533 1 1944
2 2702 1665
1 1872 1 650
2 2810 604
1 288 1 2284
2 982 390
1 1030 1 1710
1 2012 2 2769 2654
2 526 66
2 2252 289
1 193 2 2834 962
2 1982 255
2 1794 766
1 1718 1 1990
1 2961 3 1314 0 426
1 1160 2 463 346
2 413 2540
1 2101 3 265 2372 385
2 2783 3000
1 1253 2 1762 316
1 2193 3 1588 2382 406
1 2935 3 922 752 2405
1 1439 1 212
2 1023 742
2 1579 2265
1 2385 1 2133
2 2713 877
2 253 1406
2 2704 2167
1 1068 2 2810 764
1 1541 1 566
2 344 2873
2 200 1697
2 241 2971
2 2505 1144
2 1470 454
2 2216 1872
1 2223 2 349 2597
2 2679 2668
2 2737 2895
2 232 691
1 844 1 1014
1 44 2 1225 1872
2 2135 2050
1 1324 1 750
2 2769 2193
2 501 479
1 823 1 929
2 2703 1001
2 200 1206
2 2773 1382
1 1247 3 1484 2987 1218
2 457 193
1 2571 3 2647 785 2733
2 566 1786
2 232 1789
1 1522 1 1273
1 163 2 1825 1219
2 561 1293
1 1909 3 444 2197 1275
2 327 2641
2 814 94
1 2631 3 1026 1697 401
2 1670 2499
2 1540 2619
1 990 1 1583
2 2713 1350
2 1470 499
1 2982 3 373 77 2087
2 488 2648
1 2657 1 2433
1 774 3 2435 1567 1790
2 930 2909
2 154 809
2 953 1100
1 2029 2 232 2313
1 2852 1 398
2 1285 1320
2 2454 2394
2 764 2406
1 1198 3 2510 1688 2388
1 2520 3 1941 487 2346
1 677 3 1669 279 2759
1 1641 2 679 2404
2 2134 2517
2 202 1749
2 1541 730
1 741 3 2719 1490 554
2 2181 1069
1 2496 1 1346
1 991 2 1380 352
2 1658 2474
2 212 974
1 208 3 2677 160 2971
1 1678 1 243
1 2644 2 2203 2218
1 505 3 1502 684 499
1 1881 3 1676 2121 937
1 2732 3 387 2679 1909
2 884 1595
1 845 2 2861 1566
2 1681 217
2 1492 1581
1 646 3 1772 1009 1599
2 2376 1818
1 87 3 2130 2184 435
1 2608 3 1247 1794 776
1 2757 3 1293 1129 553
2 349 971
2 2045 255
1 1600 2 1343 952
1 2760 3 2399 2496 477
1 1846 3 2306 206 910
2 2002 1952
2 1514 2185
2 2677 1425
1 1389 3 137 2297 990
2 2733 1836
1 2236 1 1969
1 840 2 1639 2353
1 2541 3 2002 2982 1981
2 317 2697
2 1578 2607
1 2030 3 87 2240 602
1 2530 1 2157
1 2731 2 2673 630
2 78 2394
1 1544 1 2965
1 1906 3 2929 505 295
1 230 3 718 2094 2657
1 1223 1 1237
2 1098 1846
1 1867 3 173 147 188
2 391 2638
2 578 2129
2 1882 1818
2 725 2747
2 1768 260
2 2340 2449
2 156 1439
1 1332 3 974 1388 581
2 1812 506
2 2293 794
2 1681 158
2 1676 2075
2 266 845
1 1741 2 2702 2564
2 2689 2686
1 531 2 1287 2044
1 592 1 2478
1 712 2 780 2021
1 1924 3 988 374 759
2 1815 2174
2 2445 1403
1 290 3 2479 439 1764
2 2240 573
2 196 418
2 431 1621
1 1705 2 492 1426
2 289 2485
2 601 2605
1 1195 3 771 1160 1136
1 2800 3 741 1235 1678
2 2629 700
1 2720 1 2188
2 22 2292
2 1008 1069
1 280 3 1037 1681 3001
1 1851 1 2268
1 254 2 2830 490
2 2971 2678
1 1607 1 303
1 168 2 2541 1605
1 2642 1 725
1 2817 3 596 2012 1544
1 2483 2 1425 2725
1 724 3 1023 984 78
2 2102 1985
1 111 3 411 2494 831
2 1503 2113
2 1838 2370
2 1566 2988
1 2014 2 2668 1101
2 1538 2183
1 2025 2 2230 1938
1 291 3 639 1610 1663
2 1163 2810
1 2535 3 168 1458 382
1 1240 2 1943 1609
1 1112 2 2852 1945
2 1600 2873
2 1380 809
1 450 2 1027 282
2 2499 1755
2 435 179
2 1208 418
2 2644 2920
1 773 2 2980 2247
2 1578 1851
2 2573 2016
1 9 1 466
2 1824 1554
2 1455 1247
1 11 3 57 2889 2319
1 923 3 995 2169 1832
1 1117 1 1856
1 2140 2 2137 431
1 1656 1 2182
1 588 3 1049 2271 2449
1 2601 3 2653 1276 2507
1 2358 2 1920 1520
2 877 671
1 683 1 2780
2 85 1484
1 2850 1 2554
1 2233 1 1496
1 478 3 179 2911 1993
2 1881 2717
2 2171 2630
1 2751 1 561
1 985 2 1613 1356
1 2985 2 1075 1336
2 1305 288
2 2895 767
2 2498 1681
1 2 3 1877 2394 1584
2 2751 1786
2 2169 2673
2 909 1764
1 171 1 967
1 1016 1 2099
2 706 111
2 2870 783
2 1444 180
2 1662 2971
1 1770 1 2930
1 347 3 1189 1313 1800
2 2342 94
1 2229 1 2419
2 1636 16
1 1158 2 2873 814
1 979 3 2185 2238 1726
1 2235 1 1097
1 1507 1 2223
2 1952 2605
2 2604 2049
1 2567 2 730 2336
2 2692 1193
2 472 849
1 861 1 1565
2 1336 2830
2 1223 2285
1 1531 2 503 1262
1 1307 3 1626 1228 2646
1 913 3 1319 2503 1770
1 597 2 903 695
1 619 1 230
1 2089 3 2075 1500 1098
1 559 3 2045 2483 2924
2 1206 929
2 2306 1919
2 2657 282
2 1908 1059
1 2095 2 767 1923
2 2140 1637
1 1485 3 1083 1702 1718
2 2372 2087
2 2507 2862
2 2631 2643
1 2289 2 320 909
1 1006 2 573 208
2 1275 291
1 958 2 26 1654
2 2830 125
1 130 3 619 364 254
1 2411 2 1739 43
1 722 2 2799 1464
1 1459 2 2265 809
1 672 3 408 682 2089
2 2677 1123
2 2137 279
1 2762 1 2840
1 1926 1 116
1 2068 3 2694 2681 35
1 2875 3 347 448 2849
1 951 2 908 2574
2 2973 1825
1 896 1 2378
1 818 3 747 976 1016
1 651 2 2437 1223
2 2962 259
1 168464 1 168446
1 171956 1 168016
2 169667 168168
1 1686 2 266 2376
2 450 171
1 606 3 1817 437 1259
1 2357 3 18 2604 646
1 1644 1 2785
2 2548 2540
1 1558 2 189 945
1 27 2 1066 865
1 2383 1 2526
1 2932 3 1350 462 1812
2 1356 2648
1 2674 1 570
1 2706 3 700 2330 913
2 1396 1870
1 91 1 1558
2 2312 1602
2 2184 511
1 1070 3 2068 2430 2571
2 2107 763
2 1652 1762
2 2357 358
1 513 2 857 2374
1 1488 2 1444 2760
2 1470 1711
2 189 1684
1 302 1 2102
2 1522 2530
1 2078 1 563
2 265 476
1 1645 1 47
1 960 1 2623
2 1762 1726
1 2838 3 2113 942 2007
2 2276 390
1 2588 2 2974 773
1 565 1 10
2 747 2445
1 72 2 2645 901
2 646 1639
1 1394 3 255 1459 293
2 2247 979
1 1632 2 2935 1138
1 1384 3 1452 881 698
1 434 2 72 289
1 1072 2 2644 840
1 504 3 2360 724 786
1 894 3 1670 1652 1244
2 1602 564
2 1492 741
2 1567 945
2 2510 569
2 888 1949
1 1767 1 1195
2 1484 2960
2 1676 2121
1 123869 1 123708
2 126289 126175
2 2725 1610
1 422 2 2358 1751
2 1374 1826
2 2694 454
2 2852 2962
1 2515 2 2874 1485
1 1883 1 1474
1 2999 2 1117 2259
1 1390 3 1867 317 2745
1 312 2 1906 1935
2 2677 56
1 371 2 372 688
2 2641 2537
2 1881 78
2 434 1045
2 2312 1079
1 1042 3 1499 2947 434
1 1970 2 1698 951
2 78 2378
1 822 1 2426
2 1825 2268
1 516 3 2636 2988 731
1 1699 3 1734 319 2216
2 391 259
1 2241 1 1881
2 2385 2884
2 1609 2988
2 422 2686
2 1636 1387
1 1716 1 1135
1 1326 2 2883 2540
2 1165 23
2 2732 1825
1 2687 2 1240 784
2 2058 1582
1 574 2 2308 2630
2 951 2687
1 2844 2 774 2566
2 2875 2982
1 726 1 1465
2 291 897
1 798 2 2342 1507
1 1550 2 496 1641
1 2337 1 932
1 1513 3 2025 497 805
1 2013 3 417 1638 1059
1 1147 2 2189 703
2 2657 1669
1 1497 1 2744
2 2591 136
2 2188 1037
1 2364 3 991 2979 1326
2 401 103
1 2699 2 2817 11
1 2964 1 2762
1 251 3 2151 2340 783
1 1453 3 2288 1982 1278
1 2384 3 2690 1958 2485
1 2066 2 88 1261
1 1575 3 2588 743 1078
2 85 2768
1 834 2 1175 16
2 1654 2516
1 1330 1 344
2 2010 910
2 2668 431
2 2066 1358
2 2135 1753
2 2960 2782
2 1011 612
1 2538 1 2885
2 2962 1935
2 184 2021
1 676 3 1363 123 2548
2 863 2142
2 1891 805
2 90 1006
2 2844 490
1 2074 1 1933
1 2212 3 1456 341 2993
1 533 1 27
2 1906 1644
1 157 2 2530 2847
2 387 2216
1 2603 3 9 2925 2713
2 877 1208
1 1094 3 1753 651 2631
1 681 2 183 1447
1 2880 1 2307
2 774 2247
1 657 3 165 2773 94
2 926 2799
1 2539 2 1575 1705
2 2130 2186
2 2218 1820
2 2760 454
1 376 3 2095 2488 390
1 419 2 564 2909
2 897 446
1 1243 2 1171 2820
2 2360 1933
2 1832 1350
1 1131 1 849
1 83 2 936 2601
2 2125 690
2 2491 2297
1 1372 3 76 1992 2432
2 1702 2988
1 1429 1 1901
2 1575 408
1 765 3 1497 2379 2869
2 1229 1971
2 2125 1037
2 2377 627
2 1085 2250
1 2392 3 1454 1134 2602
1 1291 1 1086
1 92 3 1686 1948 1879
1 2983 1 600
2 91 1225
1 244 2 2125 1656
1 1145 3 1782 2697 2542
1 1329 3 1169 822 2502
1 53 1 2518
2 896 1755
2 2889 492
2 952 859
2 2566 2862
2 896 1941
2 2095 2171
2 2974 1432
1 378 3 1773 980 516
2 750 1540
2 454 1986
2 2838 2573
1 1940 1 314
2 892 590
2 2059 764
1 17 3 1257 1643 2898
2 4 1177
1 1708 2 2876 681
2 2238 1697
1 2112 1 2386
1 839 1 2403
2 2903 2483
2 2620 2409
1 2321 1 2932
2 1067 1485
1 838 2 872 171
1 2367 2 2737 2474
1 1071 3 1177 1761 1699
2 2516 23
2 2221 633
2 715 763
2 2591 2405
2 971 2929
2 1696 1780
2 945 2148
1 329 1 472
2 2153 1229
1 2806 2 683 1079
2 773 827
2 391 349
1 2576 2 1767 2768
2 2247 1939
2 1686 462
1 1889 3 2140 2348 244
2 148 2219
2 805 711
2 785 1935
2 844 1304
1 2323 1 2058
2 282 1348
2 35 10
1 989 1 113
1 404 2 1780 800
2 11 2842
1 1747 3 233 1318 1889
2 1781 2268
2 2454 69
1 855 2 1826 2964
2 2016 1209
2 2755 2151
2 111 77
2 1645 2895
1 362 2 1940 1849
1 1622 1 1997
1 790 3 2751 2029 1439
1 866 3 91 1793 2337
2 2919 2683
1 1757 2 737 2607
2 2522 2839
2 1122 244
2 2681 2138
2 926 1037
1 1629 2 947 1124
1 2976 2 441 280
1 1704 2 640 1636
2 1987 1971
1 2209 3 2831 1488 1044
1 1478 1 2782
2 163 1525
2 93 225
1 804 3 2560 1540 989
1 658 2 1494 672
2 1761 1765
1 2332 3 1749 2134 1430
2 1076 2733
2 1772 280
1 482 1 422
2 1428 1906
2 1459 1852
2 989 857
1 1362 2 1255 2332
1 393 2 597 1645
1 1360 3 671 20 877
1 1477 2 559 1637
1 1664 1 1477
2 2530 329
1 1975 3 1332 2088 1304
2 2653 2932
2 1317 2838
1 1864 2 1554 1307
1 1625 3 2010 1768 1011
1 2180 3 2687 1344 2844
1 768 2 2166 1501
1 1286 2 2800 2383
1 286 1 2634
1 1331 3 1963 457 1072
1 1385 1 2321
2 684 26
1 1074 1 1384
1 2787 3 1924 1001 1919
1 141 2 827 2101
1 1308 1 205
1 993 1 1042
1 2792 2 2014 2241
1 788 2 53 118
1 2818 2 1373 1385
1 1546 1 148
2 2376 416
2 2101 777
1 635 2 1984 612
2 68 1339
1 2115 3 1693 1357 506
1 582 2 176 1975
2 1430 118
1 80 1 571
2 251 1350
1 1988 1 753
1 14 2 979 1090
1 1451 3 1533 2074 2517
2 1753 1378
2 2699 894
2 563 416
1 1260 2 1757 622
1 155 3 1116 302 2792
2 1195 87
1 1154 1 2365
1 916 2 1305 2212
1 2106 3 1541 548 454
1 2077 2 1572 2092
2 716 241
1 2397 1 638
1 2959 3 2763 2686 1741
1 2809 1 1194
1 2910 2 768 538
2 1812 360
2 2255 2137
1 1187 3 879 1198 1700
1 2583 3 941 371 777
2 2856 2414
2 2646 2250
1 1178 1 2809
2 2032 780
1 850 2 2839 1220
1 2065 2 916 982
2 205 412
2 183 201
1 203 3 1451 2147 1320
1 2017 1 2651
1 1256 3 1713 2351 716
1 815 3 1174 796 228
2 725 1969
1 510 2 1846 2032
1 220 3 1030 130 723
2 861 1001
2 412 658
2 403 2719
1 678 3 1338 191 2017
2 635 2100
1 1062 1 1229
1 1722 1 2699
1 2871 1 1291
2 1471 2087
2 2732 2048
2 715 1626
1 825 1 2920
1 226 1 1786
1 1039 2 1531 2701
2 2259 658
2 2960 1949
2 2673 2539
1 1156 3 1161 1937 68
1 710 3 868 391 2397
2 1380 2160
2 815 1610
1 1756 1 2976
2 2724 646
1 1010 3 458 376 926
1 779 1 2049
2 2561 962
2 2377 381
1 1087 3 818 1939 2940
2 157 1447
2 840 2814
1 2114 2 1285 2572
1 2866 1 1339
2 779 1458
1 534 3 1006 39 2406
2 570 957
1 1445 1 794
1 1351 3 971 2567 482
2 1800 2620
1 2244 1 873
1 543 3 1736 95 1250
2 225 2911
1 2375 3 1781 744 2057
1 2878 1 1266
1 2794 1 1106
1 2086 2 1308 2747
1 2552 3 2704 1069 141
2 2952 1491
2 2000 672
1 2867 1 2683
1 2786 1 504
1 1731 3 1324 2914 1708
2 136 2993
2 658 2495
1 2234 2 1272 2255
2 1208 2479
2 2357 362
1 2595 3 1028 241 845
1 732 2 1145 1043
2 2479 774
2 1846 2806
2 298 2869
1 508 2 2229 1696
2 2169 335
1 1128 1 1706
1 1232 3 2508 1429 2174
2 2875 840
1 1424 1 789
1 2118 2 419 220
1 60 3 2160 1628 1471
1 887 3 1286 756 1021
2 2089 957
2 2087 1755
2 2270 1218
2 779 2379
2 2174 2597
2 1526 619
1 1489 3 999 251 415
1 2448 2 2650 1999
2 1390 1726
1 164 1 2392
2 1836 2367
2 1187 1773
2 1747 2452
1 1179 3 1274 825 1394
1 748 3 565 2077 2757
1 1534 3 2367 1789 1927
1 2855 1 60
1 1608 2 2326 1399
2 1357 2834
1 799 2 1005 1249
2 1923 746
2 2030 101
1 2368 1 2267
1 1862 3 1062 544 1010
1 308 2 2370 79
1 883 2 1971 1788
2 2192 581
2 1324 2840
1 1519 2 526 1960
1 33 3 701 2595 1094
2 17 635
2 1316 1381
2 404 176
1 1371 3 2235 2977 2410
2 658 1979
1 2443 2 2221 613
2 1234 845
1 2398 3 1514 534 2016
2 1867 193
1 1309 1 2295
1 1321 2 1372 2516
2 1474 1977
1 1420 2 2209 2877
2 2321 56
1 1210 2 15 459
2 2581 1879
2 840 503
1 1914 2 2519 791
1 2152 3 1088 781 1760
1 826 1 2983
2 51 2360
2 765 2138
1 1280 2 627 1292
1 2080 2 1632 887
1 351 3 286 362 1851
2 1566 765
1 195 1 2065
1 1598 1 478
1 656 1 2814
1 992 1 2692
1 902 3 1900 1187 2816
1 1657 2 34 2543
2 990 1584
1 1410 3 2078 1329 8
1 392 2 806 1334
2 2982 2495
2 730 2623
1 21 2 2558 2689
1 1312 1 2901
2 2831 2892
1 187 1 1445
2 2188 224
1 2599 3 513 1369 2856
2 1112 1772
2 627 2677
1 562 1 1818
1 708 2 981 1087
2 2875 730
2 0 1656
1 829 1 1774
2 1739 446
1 647 3 656 1582 2198
2 2581 2985
1 2472 1 1178
2 1627 255
1 2752 1 22
2 784 601
1 2279 2 290 1280
1 860 3 1470 2717 604
2 1761 584
2 1889 2852
2 1767 2382
1 2729 2 2499 1883
1 2281 3 1838 351 1955
1 2093 2 2961 203
2 2493 2070
2 2760 1259
2 33 1607
2 1145 2008
2 538 2045
2 1028 2092
1 1033 1 2711
2 936 2358
2 839 2745
1 386 1 2375
2 1158 902
2 1078 1014
2 1378 2410
2 822 2432
1 1268 2 1731 1371
2 2884 2507
1 2027 3 226 210 770
2 2588 1339
2 2515 1767
2 302 2914
1 2033 3 1163 2312 2561
1 2841 3 972 2718 2135
1 2196 2 2608 722
1 7 3 1128 1309 1360
1 420 3 1550 2858 1434
2 1351 17
2 2080 877
1 987 3 1657 543 2037
2 466 2462
1 2743 3 552 711 51
2 1125 2155
2 1225 1781
2 2218 2561
1 2716 2 2237 1478
1 1404 3 1390 2414 2217
2 1404 763
1 1727 2 1206 1926
1 1433 3 2 2148 2276
1 383 3 388 2364 847
2 2276 1244
1 727 3 863 291 1156
2 2974 1747
2 1581 1927
1 1834 1 1633
2 1966 2121
2 2880 2566
2 1444 2677
1 204 3 2051 2787 2398
2 2634 1670
2 69 1978
1 1620 1 1091
2 458 2005
2 1629 540
1 620 2 93 2838
2 2474 2265
1 1167 3 1562 1522 1312
1 2868 1 157
2 14 2683
2 2508 1554
2 11 2518
2 554 2094
2 656 2198
1 47326 3 45481 45925 47995
2 45721 45813
2 436 312
2 579 72
1 807 1 2655
2 2092 844
1 2473 1 1602
1 1081 2 574 1978
2 251 806
1 1347 2 987 1966
1 1414 2 1232 1503
1 664 2 1918 545
2 1620 2509
2 865 1045
2 1627 1657
1 2389 3 2866 2881 1131
1 2123 3 1914 715 2454
1 2467 3 44 1519 1352
1 2963 3 2539 2423 2603
2 2007 1935
1 1712 1 850
2 2983 2285
1 2907 1 2985
2 2414 1595
2 78 1600
1 2776 2 1068 2509
1 1530 2 1199 2048
1 1077 1 1625
1 1925 1 550
2 1706 2029
2 746 2002
1 174 2 2990 1542
2 1727 2511
1 2316 1 2066
1 1721 1 1847
1 2262 3 445 1085 1487
1 38 3 1664 144 1112
1 287 3 2244 337 2252
1 1419 2 889 1347
1 357 2 2752 2384
2 2602 436
2 936 1059
1 2296 1 2841
1 2934 2 775 1070
2 208 462
1 1046 1 1684
1 500 3 708 2862 196
1 2024 1 1629
2 2319 868
1 959 1 664
2 698 1287
2 265 1069
1 160171 3 162123 160063 159800
2 161835 161710
1 2905 1 1608
2 732 2029
2 2880 1526
2 1987 800
1 2381 1 1704
2 513 597
1 2453 1 450
2 987 788
2 1174 2010
1 670 1 1862
2 976 2673
1 1840 3 80 142 2641
2 688 1490
1 262 3 1585 861 1525
2 1373 2850
2 1087 809
2 95 2037
2 65024 62989
2 1676 164
1 529 3 384 765 359
1 817 3 101 404 327
1 1816 2 202 712
2 2977 2118
1 2682 2 746 2576
2 1244 2321
2 1086 157
1 2301 2 670 2411
1 267 3 420 2289 412
2 765 74
1 1176 2 1489 925
2 195 2743
1 2618 2 2005 1179
2 408 2824
2 244 770
1 2109 3 2786 1358 2233
2 2646 1605
2 974 1956
2 1177 1628
2 1123 2786
2 1298 1177
1 1301 1 1662
2 472 1195
2 2694 756
2 2959 2342
2 1402 2467
2 1420 2720
2 398 2782
1 1758 1 2270
1 2967 1 1125
2 1958 553
1 1183 3 92 2123 859
1 2998 1 164
1 2422 3 2755 1154 2731
1 1913 1 788
1 2097 3 582 2493 823
2 807 203
1 2835 1 1077
2 1307 2566
1 669 2 2024 1925
2 1049 1372
2 2673 2326
2 130 2675
1 2369 2 1256 2960
1 1590 3 902 154 2013
2 1638 1219
1 114 2 262 1158
2 2142 2186
1 963 1 817
2 1235 1834
1 551 2 2952 2835
2 1712 389
2 2479 1465
2 2259 1037
1 1797 2 396 2196
1 1024 1 392
2 1071 1856
2 254 2183
2 2255 280
2 2075 1487
2 1138 765
1 1690 3 1183 919 2599
2 83 142
2 2306 2177
1 1505 2 2281 1253
1 159 2 2112 288
2 627 1693
1 2018 2 1377 1874
2 320 1363
2 2382 33
1 587 3 797 1987 263
1 1442 2 17 440
2 1249 1199
2 1764 1329
2 3000 1430
2 1071 478
1 2996 1 2708
2 444 785
1 2253 3 562 1716 2706
1 2442 3 2850 2227 1665
2 788 2907
2 699 2013
2 945 18
1 2501 2 958 726
1 1631 1 111
2 1693 2241
2 1250 2171
1 2523 3 1985 732 308
2 2341 2268
1 568 3 2806 839 163
2 2510 2515
1 1666 2 540 2642
1 2487 2 1348 1962
1 721 1 56
2 1185 2783
1 928 1 1453
1 2273 1 2316
2 2078 861
1 931 1 2575
2 2759 259
2 1913 1176
1 2922 2 1331 928
1 1805 3 14 2538 635
2 1045 989
1 1569 1 2968
1 129 2 2495 180
2 255 563
1 2790 1 897
1 236 2 2142 1864
1 2797 2 2027 2180
1 2249 3 2552 2720 2959
2 1363 1713
2 783 1731
1 1148 3 2868 1878 1912
1 1376 2 1756 1816
2 1123 2462
2 1324 730
1 878 1 676
2 2785 2340
1 2416 3 1815 360 1722
1 2784 2 2910 312
2 2171 1993
1 1735 3 2453 2086 2818
1 2872 2 2205 620
2 544 404
1 1281 3 2476 953 194
2 1274 1348
1 2450 2 1433 2324
1 668 1 217
1 1895 2 488 1301
2 992 544
2 1739 2128
1 2577 2 510 1469
1 1932 3 2323 2109 2583
2 903 431
1 1537 2 985 1176
2 2321 1154
1 2712 2 1994 2380
2 2856 34
1 940 3 2743 2004 2619
2 1962 849
2 364 844
2 861 2312
1 1365 3 2942 677 957
1 2248 3 1126 159 2152
2 2487 1579
2 21 554
1 1683 3 2178 2999 2797
2 2591 993
1 1723 2 155 2110
2 2410 56
1 1108 1 329
1 2767 1 826
1 2918 3 1574 1424 2505
2 2414 1761
1 1779 2 1185 1644
2 352 947
1 2726 2 378 606
1 1769 2 2250 1546
1 1650 1 187
2 1645 729
2 224 15
1 1551 2 2301 2115
2 1758 2824
2 1372 2491
2 1927 94
2 1537 1374
2 381 635
2 2086 2059
1 1989 3 1193 680 829
2 2717 415
2 225 798
1 1056 2 158 592
2 805 2279
2 942 2979
2 774 14
2 2932 178
2 2690 780
2 671 2901
1 117 2 248 706
2 2785 2196
2 1020 1723
2 2535 1636
2 2960 51
1 739 1 6
2 1496 2642
2 984 76
2 2184 1485
2 1082 21
2 1820 501
2 1918 538
1 1556 1 1989
2 2293 2776
1 1436 2 533 267
1 2927 2 1450 2381
2 814 2552
2 2674 2427
2 799 2703
2 243 2025
1 1466 2 2724 2248
2 1975 1078
1 1000 1 1442
2 2295 180
1 75 2 1378 1165
1 1013 1 2691
2 2834 2532
2 2216 619
1 734 2 2409 1140
2 53 1478
1 828 1 657
2 1546 208
1 1111 1 85
2 1856 1429
2 678 1071
2 1334 2567
1 1835 1 2872
1 1034 2 798 2033
2 443 588
2 187 725
1 2812 3 601 1836 3000
1 292 2 2963 2903
2 2782 2014
2 716 329
2 2560 2030
2 2708 1167
2 415 2358
1 665 1 2905
2 796 33
1 464 1 1404
2 2166 157
1 1107 2 1970 930
1 2302 3 2193 2161 727
1 2917 1 2317
1 1104 1 2257
1 2163 2 779 1466
2 749 2167
2 790 2060
2 2427 2115
1 2696 1 2473
1 115 1 103
1 1653 2 1034 739
1 541 2 2515 1590
1 2082 3 587 1039 2523
1 2208 1 2682
2 1178 2197
1 735 1 1071
2 1664 2708
1 2902 2 475 2871
1 1109 1 799
1 2143 1 710
2 1602 2229
2 466 1452
1 2735 1 1013
2 2929 957
2 553 1176
2 797 1631
1 169 1 1607
1 2994 1 464
1 2116 2 115 2710
1 2664 1 2918
1 1224 2 2368 1660
1 649 2 1882 1620
1 692 3 2213 1505 588
1 89 2 878 2934
1 954 2 416 1428
2 1396 588
2 1825 68
1 1462 2 2927 1330
2 1024 1240
2 2048 2737
2 763 1551
2 1551 1631
1 1202 1 2487
2 2089 2155
2 1249 2241
2 2384 1550
1 2617 3 1723 193 2273
2 2012 1414
1 2144 2 1045 2535
1 2282 1 1209
2 985 1321
1 82 3 1414 721 2118
2 8 2724
2 196 1849
2 2956 544
1 891 2 2082 1376
2 1406 1818
2 797 2419
1 924 2 2617 1631
1 1271 3 1758 1526 2907
1 523 3 2532 678 1381
1 2315 1 2917
1 1865 1 2481
1 442 1 1551
1 2036 3 523 82 1020
2 710 723
1 380 2 2279 2472
1 1449 3 1432 1056 531
1 1296 2 1382 1769
1 2424 3 1351 815 2302
1 1482 3 1111 2996 2629
1 1748 1 33
2 1793 1605
1 542 3 2443 2106 1402
2 797 1767
1 1015 1 1569
1 494 2 834 2678
1 139 2 828 2922
1 1155 2 1986 1932
2 450 1987
1 430 2 2262 83
2 1544 1198
1 2020 3 2253 335 1658
1 2228 3 1243 1396 1109
1 842 3 2143 2878 1835
2 2744 387
1 1801 3 1181 139 2735
2 2607 378
1 284 1 2282
1 792 1 1579
1 414 2 1949 1683
1 1031 2 2790 2581
1 915 2 2870 616
2 2641 1372
2 2495 2508
2 2486 93
1 2277 3 1462 542 2389
1 2728 3 1420 2215 1870
2 2100 1410
1 1973 1 940
2 2358 1638
1 1367 2 689 1721
1 1415 1 195
2 741 574
2 392 117
1 1655 3 2643 1080 649
2 439 1006
2 505 1144
1 970 3 2234 2784 1805
1 1648 1 661
1 2527 3 1727 2208 2153
1 2613 1 413
1 567 3 225 117 383
2 2558 83
2 2505 1426
2 958 2262
2 2426 552
2 1543 2030
1 1440 2 1653 692
1 576 2 2416 668
1 2995 1 7
2 551 1112
2 2241 1879
2 2556 1534
2 2060 597
1 1423 3 2722 1415 1747
2 303 1334
1 904 3 2728 1655 1482
1 2899 1 1260
1 1771 2 2726 891
1 618 2 2527 2716
1 1961 3 1074 1107 2377
1 1953 1 2984
2 2996 1970
1 2278 1 2207
2 1581 875
1 2958 1 1508
1 2772 2 1961 1038
1 1728 2 1440 50
2 992 244
1 643 1 4
1 900 1 2660
2 1081 682
1 498 3 126 842 749
2 1348 2364
1 1114 2 124 2613
1 2034 2 923 1648
2 1801 1444
2 1268 2000
1 2514 1 529
2 1658 601
1 1553 3 1321 1712 748
1 2528 2 844 2958
1 2355 2 284 2995
2 178 2643
1 2534 3 1114 2664 883
1 365 2 89 992
1 1443 1 866
1 2890 2 1621 2278
1 2789 1 380
1 577 1 2355
2 1856 2697
1 109 2 576 1081
2 2474 1790
1 2975 2 1973 1365
2 2919 2082
1 2356 1 1000
1 2741 3 959 287 2902
2 2655 2620
1 720 1 892
1 451 1 567
1 1226 2 1449 568
1 2611 1 489
1 663 3 807 2356 1977
2 2445 522
1 134 3 1202 954 114
2 1688 2959
2 1687 1202
1 63 2 2292 2100
1 2921 2 960 541
1 644 3 1147 2093 1748
1 2139 3 1578 2577 790
2 688 1540
2 208 2167
2 1663 2702
1 983 3 2277 1765 904
1 1159 2 2812 2236
1 1787 3 2767 2036 1167
2 2834 2611
1 1186 1 1046
2 800 602
1 1606 3 647 1226 720
2 1540 1639
2 2406 1224
1 1720 3 1598 1801 1186
1 1341 3 2741 442 2163
1 1586 1 669
2 417 1710
1 614 3 1367 2097 169
2 2817 881
1 328 3 1650 1865 363
1 222 2 855 2144
2 1193 2644
1 1391 2 2427 1720
1 1642 3 1735 483 2855
2 2205 1232
1 2210 1 427
1 2239 2 2794 896
1 2149 2 1891 2357
2 1352 2691
2 859 427
2 2870 244
1 65 2 2956 578
2 2435 333
1 2484 2 63 2772
1 1563 1 204
1 2803 3 2020 2149 1534
1 2436 2 2034 292
1 1842 2 2484 125
1 1529 2 1666 1443
2 472 1550
2 1154 2859
1 1483 2 2422 2875
2 2629 568
2 1024 135
2 2532 1762
2 1389 319
1 2269 2 2605 1606
1 585 2 2315 1556
2 1563 115
1 143 2 1717 2511
2 2128 1517
2 2152 1865
1 1545 1 2528
1 537 1 253
1 914 3 2867 665 1771
1 1375 3 2385 983 1015
2 974 2423
2 2386 724
1 2714 3 1159 1895 38
1 2819 2 931 2890
1 1476 2 1687 2450
2 1155 809
2 2691 919
2 552 1955
1 1413 1 174
2 1960 998
1 1238 2 792 2186
1 626 1 1436
2 984 135
2 2271 125
2 268 1271
2 20 194
2 387 691
1 1188 2 2580 2819
2 1101 2368
1 1486 1 643
1 2311 2 1642 2210
2 2881 143
1 2545 1 1547
1 975 3 2177 2714 2975
1 905 1 498
1 1807 3 2448 2228 1953
1 556 2 970 1341
2 838 2511
2 903 487
1 32 3 65 2164 2998
2 56 2135
2 2424 942
1 869 3 2696 1545 1188
2 2672 16
2 1488 2659
2 2653 1038
2 732 2697
2 48954 46858
2 798 505
1 2906 2 1529 1483
1 1063 3 1271 1031 1543
2 2575 2149
2 103 635
2 194 2002
2 1169 2183
2 817 1287
2 504 1280
2 1832 1669
1 234 2 1104 485
2 2183 2777
1 1785 2 128 556
1 247 2 900 1779
2 1508 1683
1 2245 1 508
2 1232 2618
2 682 1145
2 1657 111
2 176 1382
2 372 2530
2 2538 2505
1 754 1 663
1 2173 1 2514
2 1023 2425
2 390 981
2 1181 2340
1 215 3 2464 2347 393
1 2531 2 2462 1455
2 1586 279
1 2446 1 2000
2 504 398
1 1752 2 1827 1803
2 1256 2819
2 180 2209
2 1489 1567
2 477 2581
2 1945 1128
1 605 3 1586 414 109
1 1689 1 1797
2 2631 303
1 955 2 234 1513
2 217 1948
1 2632 1 1537
2 2839 1820
1 2569 3 754 915 1063
1 2211 2 2789 1834
1 944 3 838 357 1689
2 2858 1771
1 1311 1 924
2 2776 381
2 9 967
1 467 3 2674 1296 500
2 1654 1938
1 2546 2 2129 2712
2 2074 2013
2 2819 1966
2 259 690
2 1785 1608
1 1523 1 644
2 1736 2409
1 2073 2 2424 2114
1 803 3 537 1690 2249
1 2913 2 1410 975
1 2770 3 1553 1785 914
1 1448 1 1622
1 397 2 658 1523
2 2975 635
2 863 1786
2 2768 1736
2 2270 588
2 1797 2564
2 2840 1952
2 2674 2036
2 1779 2773
1 1017 2 1224 1419
1 2413 3 2311 955 2729
2 2192 1070
2 1660 905
2 776 2094
1 394 1 944
1 1951 2 2899 467
1 2693 3 2073 2413 1913
1 350 3 1268 1423 2895
2 883 1119
2 2518 2518
2 166367 165225
1 429 3 2776 1807 2994
1 484 3 804 1375 397
1 305 1 1988
2 2430 2045
2 2409 2577
2 1755 677
2 79 1304
1 1573 2 328 2803
2 2563 783
1 1783 2 2501 2116
2 50 2112
2 1456 1317
1 261 3 260 2442 963
1 2465 3 386 1406 2531
1 300 3 1210 1108 905
2 2731 1637
2 1769 1045
1 1418 2 358 2703
1 507 3 2546 305 2296
1 2740 3 1281 577 2465
1 2439 3 1752 2245 300
2 1062 699
2 2278 708
1 2463 3 626 2740 1033
2 1436 818
2 157 2880
1 2836 2 365 1842
1 2652 3 494 2191 2239
2 2713 887
1 2521 2 1448 1067
2 2911 2276
2 17 2200
2 2485 686
1 1552 2 2520 2732
1 1327 1 1951
1 1616 2 2436 803
1 927 2 614 1389
2 952 566
2 404 1458
1 2811 2 2913 75
1 36 3 134 2463 1311
2 1722 1609
2 38563 37973
1 2997 3 860 551 1728
1 2195 3 735 1563 618
1 1227 1 1616
2 2861 2166
1 2145 2 429 1362
1 375 2 143 1024
1 379 1 1840
2 389 2988
1 2833 2 1787 2446
1 535 2 236 2534
2 1994 233
2 63 2660
2 1448 2213
2 39 14
2 1423 1374
1 1510 3 501 2836 2967
1 1936 2 1510 375
2 2690 2623
2 1496 2528
2 2919 1209
1 2730 2 36 2369
2 1459 1653
2 2384 2143
2 2445 677
1 1004 1 389
1 933 1 535
1 1263 2 585 2730
2 2714 743
1 1859 3 1004 1227 1017
1 1861 2 927 1859
2 1087 226
1 1905 3 1552 2018 1418
2 1014 1281
1 2695 2 1486 394
1 1571 3 1530 2139 2080
2 490 2877
1 2669 2 1263 993
2 1683 571
2 499 1836
1 1342 2 2173 2425
2 1545 2153
1 2331 1 1327
1 2072 3 2618 2611 2211
2 2050 1311
2 79450 81003
2 963 1179
1 2801 2 1413 734
2 2744 1636
1 1854 1 2195
1 1512 3 1476 2801 2880
2 1010 1879
2 1358 790
1 2041 1 2770
1 1682 3 507 2693 222
2 2106 386
2 1456 1971
1 216 2 1148 379
2 1423 2998
2 2773 1360
2 1762 1551
2 1243 1066
1 2756 1 2467
1 2612 1 32
1 1133 2 2545 2632
2 488 1098
1 1182 2 1936 1854
1 2606 3 2833 1783 605
2 284 2065
2 2426 845
2 2636 2297
1 1084 1 261
1 432 1 2921
1 530 2 2439 1342
1 1058 2 430 1861
2 1938 1499
1 2649 3 1058 432 2652
2 2486 3000
1 2447 3 2906 2756 129
2 1739 1971
1 2401 3 216 247 2521
1 366 3 2331 1573 2997
1 240 2 1512 2145
2 1690 282
1 2400 2 2811 2072
1 591 1 2606
2 2872 748
1 2179 3 1238 2695 2401
2 2416 1547
1 833 1 2649
1 491 3 591 451 1682
2 1817 2092
2 182372 181700
2 2785 1177
1 2456 1 1905
2 4 1815
1 1647 1 1571
1 231 2 1133 2269
2 1562 1789
2 1318 2116
1 2061 1 2447
2 2284 2605
1 1810 2 240 2179
1 170 2 2612 215
1 637 1 2061
2 1985 2505
1 1930 3 2400 1391 637
1 1799 3 170 530 1155
2 1287 2029
2 2655 2235
2 136 287
1 2320 1 1799
2 1357 2559
1 2096 2 2456 1182
1 2444 2 2320 231
2 2051 1815
2 972 626
2 2548 1352
2 620 658
2 1785 2528
2 2870 1268
2 1377 1543
2 1987 1140
2 1637 2394
1 628 1 2669
2 234 2029
2 857 784
2 1080 1686
2 1070 2699
2 265 1519
2 193 441
1 652 3 1084 933 1930
1 1996 1 350
1 2280 2 833 1647
2 1360 2075
2 2861 1034
2 1574 265
2 144 2814
2 365 2818
2 815 998
2 305 2392
2 1801 2620
2 1945 17
2 1541 434
2 2605 2623
2 2277 379
2 149 2985
2 1503 1346
2 1489 33
2 916 1757
2 633 1542
2 1462 2958
1 2596 3 1996 366 628
2 2956 2849
2 77 1286
1 213 2 2596 484
2 2646 1263
2 538 2324
2 2576 814
2 842 537
2 626 1079
2 2930 114
2 171250 168333
2 45185 45596
2 554 1657
2 146703 145378
2 15424 15686
2 1114 1523
2 1418 1637
2 2668 2476
2 350 2322
2 1456 2876
2 21204 23565
2 1831 1925
2 998 335
2 2840 2403
2 2066 206
2 1546 327
2 173 2693
2 1700 1736
2 174509 172338
2 2768 630
2 2488 2372
2 344 1086
2 314 2488
2 2112 2964
2 2012 1685
2 559 1706
2 384 2534
2 2289 174
1 760 1 491
2 2018 1943
2 2241 2682
1 301 2 2096 1810
2 158 972
2 833 1554
2 1664 701
2 1590 213
2 884 2398
2 1257 2608
2 1111 176
2 1067 1444
2 2379 1377
2 748 1008
2 1638 1760
2 1878 1613
2 2259 1849
2 389 1801
2 822 2747
2 1226 149
2 2560 2883
2 2252 1066
2 1034 2166
2 962 1849
2 171709 167972
2 1014 2702
1 2981 3 760 2569 652
2 2485 1044
2 1605 1194
2 195711 193357
2 2980 0
2 157 1932
2 2102 712
2 1999 865
1 1294 3 2981 2041 2280
2 1874 1351
2 1832 212
2 144207 145182
2 1367 288
2 89811 89385
2 1643 873
2 86169 87550
2 1049 2677
2 1827 2940
2 1458 2646
2 192713 196096
2 89807 89097
2 1117 1097
2 805 2002
2 111652 110596
2 118 1041
2 86436 86668
2 1454 2789
2 1471 103
2 29728 30167
2 87844 87650
2 1558 411
2 2631 2379
2 2356 157
2 2687 1273
2 167319 164521
2 1708 715
2 1172 372
2 571 2999
2 2503 1820
2 13608 15004
2 86425 87631
2 89687 89362
