377404442
348299957
882390237
267089125
984794556
862666444
567105903
877398817
956670424
999338442
648612359
394478861
-1
452024831
-1
605612594
307305164
587248201
120917202
374570335
410593752
195158678
636483116
681404313
197870655
27007622
645295733
124238289
455172852
25764033
900395978
227269204
953367624
229215506
450222951
-1
414564708
913469491
163918989
995553103
399013449
557001427
267597911
498349963
192805771
85245343
231193365
517187855
655225112
228896643
807921192
-1
382863055
466638788
165352479
629732496
-1
921819026
886443628
495709006
960849021
98740763
60424026
667638259
885905617
362084307
534654302
862958317
306350573
177458849
328711246
-1
900057994
841265616
-1
673308711
998753302
603598944
-1
521372352
196002576
803567607
523443783
-1
455849583
491262323
631946036
80497808
667381016
147165848
714215812
442024736
771179704
777271736
-1
845903207
171038395
161943188
321109639
23235303
