100
21364 980
23837 177
1199 129
3367 750
25237 557
3325 237
2820 200
23327 582
28447 431
25943 247
31660 437
5186 551
8377 452
12300 758
31878 908
635 348
11679 987
23087 767
4169 869
21288 137
27423 14
2184 432
20221 446
5018 567
11805 317
31764 38
28288 103
32153 934
31632 465
18050 368
6915 909
5086 750
2306 506
20151 18
8075 272
3736 189
3348 834
9547 803
24177 164
6119 461
24567 71
10507 726
6626 675
22628 907
27636 669
31605 813
3167 801
21399 33
28133 138
17726 265
20798 423
5247 100
1466 448
19151 28
7463 682
10766 279
5877 382
20676 64
18072 985
29610 734
31022 128
20588 109
7778 578
15789 203
30864 586
31819 750
6186 133
11749 741
9818 857
5275 692
17128 887
21 252
31071 42
3015 938
4459 888
4723 663
16006 617
31471 640
29395 717
16936 950
22858 499
26215 936
15126 768
6099 200
21563 540
21048 444
23420 923
17414 526
16764 482
9885 766
27427 497
27591 622
27459 784
25734 550
32636 261
17681 177
21597 165
10777 495
21707 952
848 781
