0
1
2
3
4
5
6
7
8
16
17
18
19
20
21
22
23
24
25
33
34
35
36
37
38
39
40
41
42
50
51
52
53
54
55
56
57
58
59
67
68
69
70
71
72
73
74
75
76
84
85
86
87
88
89
90
91
92
93
101
102
103
104
105
106
107
108
109
110
118
119
120
121
122
123
124
125
126
127
135
136
137
138
139
140
141
142
143
144
152
153
154
155
156
157
158
159
160
161
178
179
180
181
182
183
184
185
186
187
195
196
197
198
199
200
201
202
203
204
212
213
214
215
216
217
218
219
220
221
229
230
231
232
233
234
235
236
237
238
246
247
248
249
250
251
252
253
254
255
263
264
265
266
267
268
269
270
271
272
280
281
282
283
284
285
286
287
288
289
297
298
299
300
301
302
303
304
305
306
314
315
316
317
318
319
320
321
322
323
331
332
333
334
335
336
337
338
339
340
357
358
359
360
361
362
363
364
365
366
374
375
376
377
378
379
380
381
382
383
391
392
393
394
395
396
397
398
399
400
408
409
410
411
412
413
414
415
416
417
425
426
427
428
429
430
431
432
433
434
442
443
444
445
446
447
448
449
450
451
459
460
461
462
463
464
465
466
467
468
476
477
478
479
480
481
482
483
484
485
493
494
495
496
497
498
499
500
501
502
510
511
512
513
514
515
516
517
518
519
536
537
538
539
540
541
542
543
544
545
553
554
555
556
557
558
559
560
561
562
570
571
572
573
574
575
576
577
578
579
587
588
589
590
591
592
593
594
595
596
604
605
606
607
608
609
610
611
612
613
621
622
623
624
625
626
627
628
629
630
638
639
640
641
642
643
644
645
646
647
655
656
657
658
659
660
661
662
663
664
672
673
674
675
676
677
678
679
680
681
689
690
691
692
693
694
695
696
697
698
715
716
717
718
719
720
721
722
723
724
732
733
734
735
736
737
738
739
740
741
749
750
751
752
753
754
755
756
757
758
766
767
768
769
770
771
772
773
774
775
783
784
785
786
787
788
789
790
791
792
800
801
802
803
804
805
806
807
808
809
817
818
819
820
821
822
823
824
825
826
834
835
836
837
838
839
840
841
842
843
851
852
853
854
855
856
857
858
859
860
868
869
870
871
872
873
874
875
876
877
894
895
896
897
898
899
900
901
902
903
911
912
913
914
915
916
917
918
919
920
928
929
930
931
932
933
934
935
936
937
945
946
947
948
949
950
951
952
953
954
962
963
964
965
966
967
968
969
970
971
979
980
981
982
983
984
985
986
987
988
996
997
998
999
1000
1001
1002
1003
1004
1005
1013
1014
1015
1016
1017
1018
1019
1020
1021
1022
1030
1031
1032
1033
1034
1035
1036
1037
1038
1039
1047
1048
1049
1050
1051
1052
1053
1054
1055
1056
1073
1074
1075
1076
1077
1078
1079
1080
1081
1082
1090
1091
1092
1093
1094
1095
1096
1097
1098
1099
1107
1108
1109
1110
1111
1112
1113
1114
1115
1116
1124
1125
1126
1127
1128
1129
1130
1131
1132
1133
1141
1142
1143
1144
1145
1146
1147
1148
1149
1150
1158
1159
1160
1161
1162
1163
1164
1165
1166
1167
1175
1176
1177
1178
1179
1180
1181
1182
1183
1184
1192
1193
1194
1195
1196
1197
1198
1199
1200
1201
1209
1210
1211
1212
1213
1214
1215
1216
1217
1218
1226
1227
1228
1229
1230
1231
1232
1233
1234
1235
1252
1253
1254
1255
1256
1257
1258
1259
1260
1261
1269
1270
1271
1272
1273
1274
1275
1276
1277
1278
1286
1287
1288
1289
1290
1291
1292
1293
1294
1295
1303
1304
1305
1306
1307
1308
1309
1310
1311
1312
1320
1321
1322
1323
1324
1325
1326
1327
1328
1329
1337
1338
1339
1340
1341
1342
1343
1344
1345
1346
1354
1355
1356
1357
1358
1359
1360
1361
1362
1363
1371
1372
1373
1374
1375
1376
1377
1378
1379
1380
1388
1389
1390
1391
1392
1393
1394
1395
1396
1397
1405
1406
1407
1408
1409
1410
1411
1412
1413
1414
1431
1432
1433
1434
1435
1436
1437
1438
1439
1440
1448
1449
1450
1451
1452
1453
1454
1455
1456
1457
1465
1466
1467
1468
1469
1470
1471
1472
1473
1474
1482
1483
1484
1485
1486
1487
1488
1489
1490
1491
1499
1500
1501
1502
1503
1504
1505
1506
1507
1508
1516
1517
1518
1519
1520
1521
1522
1523
1524
1525
1533
1534
1535
1536
1537
1538
1539
1540
1541
1542
1550
1551
1552
1553
1554
1555
1556
1557
1558
1559
1567
1568
1569
1570
1571
1572
1573
1574
1575
1576
1584
1585
1586
1587
1588
1589
1590
1591
1592
1593
1610
1611
1612
1613
1614
1615
1616
1617
1618
1619
1627
1628
1629
1630
1631
1632
1633
1634
1635
1636
1644
1645
1646
1647
1648
1649
1650
1651
1652
1653
1661
1662
1663
1664
1665
1666
1667
1668
1669
1670
1678
1679
1680
1681
1682
1683
1684
1685
1686
1687
1695
1696
1697
1698
1699
1700
1701
1702
1703
1704
1712
1713
1714
1715
1716
1717
1718
1719
1720
1721
1729
1730
1731
1732
1733
1734
1735
1736
1737
1738
1746
1747
1748
1749
1750
1751
1752
1753
1754
1755
1763
1764
1765
1766
1767
1768
1769
1770
1771
1772
1798
